-0.23	0.8	0.0	0.0	0.0	0.0	0.0	0.0	Tanh
-0.2312	0.8135	0.0	0.0	0.0	0.0	0.0	Tanh
-0.2312	0.8135	0.0	0.0	0.0	0.0	0.0	Relu + tanh
-0.2304	0.8324	0.0	0.0	0.0	0.0	0.0	Relu + tanh
-0.2304	0.8324	0.0	0.0	0.0	0.0	0.0	Relu + tanh
-0.2304	0.8324	0.0	0.0	0.0	0.0	0.0	Relu + tanh
-0.2304	0.8517	0.0	0.0	0.0	0.0	0.0	Relu + tanh
-0.2304	0.8517	0.0	0.0	0.0	0.0	0.0	Relu + tanh
-0.2296	0.8517	0.0	0.0	0.0	0.0	0.0	Relu + tanh
-0.2296	0.8517	0.0	0.0	0.0	0.0	0.0	Relu + tanh
-0.2296	0.8715	0.0	0.0	0.0	0.0	0.0	Relu + tanh
-0.2288	0.8715	0.0	0.0	0.0	0.0	0.0	Relu + tanh
-0.2288	0.8715	0.0	0.0	0.0	0.0	0.0	Relu + tanh
-0.2288	0.8715	0.0	0.0	0.0	0.0	0.0	Relu + tanh
-0.2288	0.8715	0.0	0.0	0.0	0.0	0.0	Relu + tanh
-0.2288	0.8917	0.0	0.0	0.0	0.0	0.0	Relu + tanh
-0.228	0.8917	0.0	0.0	0.0	0.0	0.0	Relu + tanh
-0.228	0.8917	0.0	0.0	0.0	0.0	0.0	Relu + tanh
-0.228	0.8917	0.0	0.0	0.0	0.0	0.0	Relu + tanh
-0.228	0.8917	0.0	0.0	0.0001	0.0	0.0	Relu + tanh
-0.2272	0.8917	0.0	0.0	0.0001	0.0	0.0	Relu + tanh
-0.2272	0.9124	0.0	0.0	0.0001	0.0	0.0	Relu + tanh
-0.2272	0.9124	0.0	0.0	0.0001	0.0	0.0	Relu + tanh
-0.2272	0.9124	0.0	0.0	0.0001	0.0	0.0	Relu + tanh
-0.2272	0.9124	0.0	0.0	0.0001	0.0	0.0	Relu + tanh
-0.2264	0.9124	0.0	0.0	0.0001	0.0	0.0	Relu + tanh
-0.2264	0.9124	0.0	0.0	0.0001	0.0	0.0	Relu + tanh
-0.2264	0.9124	0.0	0.0	0.0001	0.0	0.0	Relu + tanh
-0.2264	0.9335	0.0	0.0	0.0001	0.0	0.0	Relu + tanh
-0.2264	0.9335	0.0	0.0	0.0001	0.0001	0.0	Relu + tanh
-0.2256	0.9335	0.0	0.0	0.0001	0.0001	0.0	Relu + tanh
-0.2256	0.9335	0.0	0.0001	0.0001	0.0001	0.0	Relu + tanh
-0.2256	0.9335	0.0	0.0001	0.0001	0.0001	0.0	Relu + tanh
-0.2256	0.9335	0.0	0.0001	0.0001	0.0001	0.0	Relu + tanh
-0.2256	0.9335	0.0	0.0001	0.0001	0.0001	0.0	Relu + tanh
-0.2248	0.9335	0.0	0.0001	0.0001	0.0001	0.0	Relu + tanh
-0.2248	0.9335	0.0	0.0001	0.0001	0.0001	0.0	Relu + tanh
-0.2248	0.9552	0.0	0.0001	0.0001	0.0001	0.0	Relu + tanh
-0.2248	0.9552	0.0	0.0001	0.0001	0.0001	0.0	Relu + tanh
-0.2248	0.9552	0.0	0.0001	0.0001	0.0001	0.0	Relu + tanh
-0.2248	0.9552	0.0	0.0001	0.0001	0.0001	0.0	Relu + tanh
-0.224	0.9552	0.0	0.0001	0.0001	0.0001	0.0	Relu + tanh
-0.224	0.9552	0.0	0.0001	0.0001	0.0001	0.0	Relu + tanh
-0.224	0.9552	0.0	0.0001	0.0001	0.0001	0.0	Relu + tanh
-0.224	0.9552	0.0	0.0001	0.0001	0.0001	0.0	Relu + tanh
-0.224	0.9552	0.0	0.0001	0.0001	0.0001	0.0	Relu + tanh
-0.224	0.9552	0.0	0.0001	0.0001	0.0001	0.0	Relu + tanh
-0.2232	0.9552	0.0	0.0001	0.0001	0.0001	0.0	Relu + tanh
-0.2232	0.9552	0.0	0.0001	0.0002	0.0001	0.0	Relu + tanh
-0.2232	0.9552	0.0	0.0001	0.0002	0.0001	0.0	Relu + tanh
-0.2232	0.9552	0.0	0.0001	0.0002	0.0001	0.0	Relu + tanh
-0.2232	0.9773	0.0	0.0001	0.0002	0.0001	0.0	Relu + tanh
-0.2232	0.9773	0.0	0.0001	0.0002	0.0001	0.0	Relu + tanh
-0.2224	0.9773	0.0	0.0001	0.0002	0.0001	0.0	Relu + tanh
-0.2224	0.9773	0.0	0.0001	0.0002	0.0001	0.0	Relu + tanh
-0.2224	0.9773	0.0	0.0001	0.0002	0.0001	0.0	Relu + tanh
-0.2224	0.9773	0.0	0.0001	0.0002	0.0001	0.0	Relu + tanh
-0.2224	0.9773	0.0	0.0001	0.0002	0.0001	0.0	Relu + tanh
-0.2224	0.9773	0.0	0.0001	0.0002	0.0001	0.0	Relu + tanh
-0.2216	0.9773	0.0	0.0001	0.0002	0.0001	0.0	Relu + tanh
-0.2216	0.9773	0.0	0.0001	0.0002	0.0001	0.0	Relu + tanh
-0.2216	0.9773	0.0	0.0001	0.0002	0.0001	0.0	Relu + tanh
-0.2216	0.9773	0.0	0.0001	0.0002	0.0001	0.0	Relu + tanh
-0.2216	0.9773	0.0	0.0001	0.0002	0.0001	0.0	Relu + tanh
-0.2216	0.9773	0.0	0.0001	0.0002	0.0001	0.0	Relu + tanh
-0.2208	0.9773	0.0	0.0001	0.0002	0.0001	0.0	Relu + tanh
-0.2208	0.9773	0.0	0.0001	0.0002	0.0001	0.0	Relu + tanh
-0.2208	0.9773	0.0	0.0001	0.0002	0.0001	0.0	Relu + tanh
-0.2208	0.9773	0.0	0.0001	0.0002	0.0001	0.0	Relu + tanh
-0.2208	0.9773	0.0	0.0002	0.0002	0.0001	0.0	Relu + tanh
-0.2208	0.9773	0.0	0.0002	0.0002	0.0001	0.0	Relu + tanh
-0.22	0.9773	0.0	0.0002	0.0002	0.0001	0.0	Relu + tanh
-0.22	0.9773	0.0	0.0002	0.0002	0.0001	0.0	Relu + tanh
-0.22	0.9773	0.0	0.0002	0.0002	0.0001	0.0	Relu + tanh
-0.22	0.9773	0.0001	0.0002	0.0002	0.0001	0.0001	Relu + tanh
-0.22	0.9773	0.0001	0.0002	0.0002	0.0001	0.0001	Relu + tanh
-0.22	0.9773	0.0001	0.0002	0.0002	0.0001	0.0001	Relu + tanh
-0.2192	1.0	0.0001	0.0002	0.0002	0.0001	0.0001	Relu + tanh
-0.2192	1.0	0.0001	0.0002	0.0002	0.0002	0.0001	Relu + tanh
-0.2192	1.0	0.0001	0.0002	0.0002	0.0002	0.0001	Relu + tanh
-0.2192	1.0	0.0001	0.0002	0.0002	0.0002	0.0001	Relu + tanh
-0.2192	1.0	0.0001	0.0002	0.0002	0.0002	0.0001	Relu + tanh
-0.2192	1.0	0.0001	0.0002	0.0002	0.0002	0.0001	Relu + tanh
-0.2184	1.0	0.0001	0.0002	0.0002	0.0002	0.0001	Relu + tanh
-0.2184	1.0	0.0001	0.0002	0.0002	0.0002	0.0001	Relu + tanh
-0.2184	1.0	0.0001	0.0002	0.0002	0.0002	0.0001	Relu + tanh
-0.2184	1.0	0.0001	0.0002	0.0002	0.0002	0.0001	Relu + tanh
-0.2184	1.0	0.0001	0.0002	0.0002	0.0002	0.0001	Relu + tanh
-0.2184	1.0	0.0001	0.0002	0.0003	0.0002	0.0001	Relu + tanh
-0.2176	1.0	0.0001	0.0002	0.0003	0.0002	0.0001	Relu + tanh
-0.2176	1.0	0.0001	0.0002	0.0003	0.0002	0.0001	Relu + tanh
-0.2176	1.0	0.0001	0.0002	0.0003	0.0002	0.0001	Relu + tanh
-0.2176	1.0	0.0001	0.0002	0.0003	0.0002	0.0001	Relu + tanh
-0.2176	1.0	0.0001	0.0002	0.0003	0.0002	0.0001	Relu + tanh
-0.2176	1.0	0.0001	0.0002	0.0003	0.0002	0.0001	Relu + tanh
-0.2168	1.0	0.0001	0.0002	0.0003	0.0002	0.0001	Relu + tanh
-0.2168	1.0	0.0001	0.0002	0.0003	0.0002	0.0001	Relu + tanh
-0.2168	1.0	0.0001	0.0002	0.0003	0.0002	0.0001	Relu + tanh
-0.2168	1.0	0.0001	0.0002	0.0003	0.0002	0.0001	Relu + tanh
-0.2168	1.0	0.0001	0.0002	0.0003	0.0002	0.0001	Relu + tanh
-0.2168	1.0	0.0001	0.0002	0.0003	0.0002	0.0001	Relu + tanh
-0.216	1.0	0.0001	0.0002	0.0003	0.0002	0.0001	Relu + tanh
-0.216	1.0	0.0001	0.0002	0.0003	0.0002	0.0001	Relu + tanh
-0.216	1.0	0.0001	0.0002	0.0003	0.0002	0.0001	Relu + tanh
-0.216	1.0	0.0001	0.0002	0.0003	0.0002	0.0001	Relu + tanh
-0.216	1.0	0.0001	0.0002	0.0003	0.0002	0.0001	Relu + tanh
-0.216	1.0	0.0001	0.0002	0.0003	0.0002	0.0001	Relu + tanh
-0.2152	1.0	0.0001	0.0002	0.0003	0.0002	0.0001	Relu + tanh
-0.2152	1.0	0.0001	0.0002	0.0003	0.0002	0.0001	Relu + tanh
-0.2152	1.0	0.0001	0.0002	0.0003	0.0002	0.0001	Relu + tanh
-0.2152	1.0	0.0001	0.0002	0.0003	0.0002	0.0001	Relu + tanh
-0.2152	1.0	0.0001	0.0002	0.0003	0.0002	0.0001	Relu + tanh
-0.2152	1.0	0.0001	0.0002	0.0003	0.0002	0.0001	Relu + tanh
-0.2144	1.0	0.0001	0.0002	0.0003	0.0002	0.0001	Relu + tanh
-0.2144	1.0	0.0001	0.0002	0.0003	0.0002	0.0001	Relu + tanh
-0.2144	1.0	0.0001	0.0002	0.0003	0.0003	0.0001	Relu + tanh
-0.2144	1.0	0.0001	0.0002	0.0003	0.0003	0.0001	Relu + tanh
-0.2144	1.0	0.0001	0.0002	0.0003	0.0003	0.0001	Relu + tanh
-0.2144	1.0	0.0001	0.0002	0.0004	0.0003	0.0001	Relu + tanh
-0.2136	1.0	0.0001	0.0002	0.0004	0.0003	0.0001	Relu + tanh
-0.2136	1.0	0.0001	0.0002	0.0004	0.0003	0.0001	Relu + tanh
-0.2136	1.0	0.0001	0.0002	0.0004	0.0003	0.0001	Relu + tanh
-0.2136	1.0	0.0001	0.0002	0.0004	0.0003	0.0001	Relu + tanh
-0.2136	1.0	0.0001	0.0002	0.0004	0.0003	0.0001	Relu + tanh
-0.2136	1.0	0.0001	0.0003	0.0004	0.0003	0.0001	Relu + tanh
-0.2128	1.0232	0.0001	0.0003	0.0004	0.0003	0.0001	Relu + tanh
-0.2128	1.0232	0.0001	0.0003	0.0004	0.0003	0.0001	Relu + tanh
-0.2128	1.0232	0.0001	0.0003	0.0004	0.0003	0.0001	Relu + tanh
-0.2128	1.0232	0.0001	0.0003	0.0004	0.0003	0.0001	Relu + tanh
-0.2128	1.0232	0.0001	0.0003	0.0004	0.0003	0.0001	Relu + tanh
-0.2128	1.0232	0.0001	0.0003	0.0004	0.0003	0.0001	Relu + tanh
-0.212	1.0232	0.0001	0.0003	0.0004	0.0003	0.0001	Relu + tanh
-0.212	1.0232	0.0001	0.0003	0.0004	0.0003	0.0001	Relu + tanh
-0.212	1.0232	0.0001	0.0003	0.0004	0.0003	0.0001	Relu + tanh
-0.212	1.0232	0.0001	0.0003	0.0004	0.0003	0.0001	Relu + tanh
-0.212	1.0232	0.0001	0.0003	0.0004	0.0003	0.0001	Relu + tanh
-0.2112	1.0232	0.0001	0.0003	0.0004	0.0003	0.0001	Relu + tanh
-0.2112	1.0232	0.0001	0.0003	0.0004	0.0003	0.0001	Relu + tanh
-0.2112	1.0232	0.0001	0.0003	0.0004	0.0003	0.0001	Relu + tanh
-0.2112	1.0232	0.0001	0.0003	0.0004	0.0003	0.0001	Relu + tanh
-0.2112	1.0232	0.0001	0.0003	0.0004	0.0003	0.0001	Relu + tanh
-0.2112	1.0232	0.0001	0.0003	0.0004	0.0003	0.0001	Relu + tanh
-0.2104	1.0232	0.0001	0.0003	0.0004	0.0003	0.0001	Relu + tanh
-0.2104	1.0232	0.0001	0.0003	0.0004	0.0003	0.0001	Relu + tanh
-0.2104	1.0232	0.0001	0.0003	0.0004	0.0003	0.0001	Relu + tanh
-0.2104	1.0232	0.0001	0.0003	0.0004	0.0003	0.0001	Relu + tanh
-0.2096	1.0232	0.0001	0.0003	0.0004	0.0003	0.0001	Relu + tanh
-0.2096	1.0232	0.0001	0.0004	0.0004	0.0003	0.0001	Relu + tanh
-0.2096	1.0232	0.0001	0.0004	0.0004	0.0003	0.0001	Relu + tanh
-0.2096	1.0232	0.0001	0.0004	0.0004	0.0003	0.0001	Relu + tanh
-0.2096	1.0232	0.0001	0.0004	0.0004	0.0003	0.0001	Relu + tanh
-0.2096	1.0232	0.0001	0.0004	0.0004	0.0003	0.0001	Relu + tanh
-0.2088	1.0232	0.0001	0.0004	0.0004	0.0003	0.0001	Relu + tanh
-0.2088	1.0232	0.0001	0.0004	0.0004	0.0003	0.0001	Relu + tanh
-0.2088	1.0232	0.0001	0.0004	0.0004	0.0003	0.0001	Relu + tanh
-0.2088	1.0232	0.0001	0.0004	0.0004	0.0003	0.0001	Relu + tanh
-0.2088	1.0232	0.0001	0.0004	0.0004	0.0003	0.0001	Relu + tanh
-0.208	1.0232	0.0001	0.0004	0.0004	0.0003	0.0001	Relu + tanh
-0.208	1.0232	0.0001	0.0004	0.0005	0.0003	0.0001	Relu + tanh
-0.208	1.0232	0.0001	0.0004	0.0005	0.0003	0.0001	Relu + tanh
-0.2072	1.0232	0.0001	0.0004	0.0005	0.0003	0.0001	Relu + tanh
-0.2072	1.0232	0.0001	0.0004	0.0005	0.0003	0.0001	Relu + tanh
-0.2072	1.0232	0.0001	0.0004	0.0005	0.0004	0.0001	Relu + tanh
-0.2072	1.0232	0.0001	0.0004	0.0005	0.0004	0.0001	Relu + tanh
-0.2072	1.0232	0.0001	0.0004	0.0005	0.0004	0.0001	Relu + tanh
-0.2064	1.0232	0.0001	0.0004	0.0005	0.0004	0.0001	Relu + tanh
-0.2064	1.0232	0.0001	0.0004	0.0005	0.0004	0.0001	Relu + tanh
-0.2064	1.0232	0.0001	0.0004	0.0005	0.0004	0.0001	Relu + tanh
-0.2064	1.0232	0.0001	0.0004	0.0005	0.0004	0.0001	Relu + tanh
-0.2064	1.0232	0.0001	0.0004	0.0005	0.0004	0.0001	Relu + tanh
-0.2064	1.0232	0.0001	0.0004	0.0005	0.0004	0.0001	Relu + tanh
-0.2064	1.0232	0.0001	0.0004	0.0005	0.0004	0.0001	Relu + tanh
-0.2056	1.0232	0.0001	0.0004	0.0005	0.0004	0.0001	Relu + tanh
-0.2056	1.0232	0.0001	0.0004	0.0005	0.0004	0.0001	Relu + tanh
-0.2056	1.0232	0.0001	0.0005	0.0005	0.0004	0.0001	Relu + tanh
-0.2056	1.0232	0.0001	0.0005	0.0005	0.0004	0.0001	Relu + tanh
-0.2056	1.0232	0.0001	0.0005	0.0005	0.0004	0.0001	Relu + tanh
-0.2056	1.0232	0.0001	0.0005	0.0005	0.0004	0.0001	Relu + tanh
-0.2048	1.0232	0.0001	0.0005	0.0005	0.0004	0.0001	Relu + tanh
-0.2048	1.0232	0.0001	0.0005	0.0005	0.0004	0.0001	Relu + tanh
-0.2048	1.0232	0.0001	0.0005	0.0005	0.0004	0.0001	Relu + tanh
-0.2048	1.0232	0.0001	0.0005	0.0005	0.0004	0.0001	Relu + tanh
-0.2048	1.0232	0.0001	0.0005	0.0005	0.0004	0.0001	Relu + tanh
-0.204	1.0232	0.0001	0.0005	0.0005	0.0004	0.0001	Relu + tanh
-0.204	1.0232	0.0001	0.0005	0.0005	0.0004	0.0001	Relu + tanh
-0.204	1.0232	0.0001	0.0005	0.0005	0.0004	0.0001	Relu + tanh
-0.204	1.0232	0.0001	0.0005	0.0005	0.0004	0.0001	Relu + tanh
-0.204	1.0232	0.0001	0.0005	0.0005	0.0004	0.0001	Relu + tanh
-0.204	1.0232	0.0001	0.0005	0.0005	0.0004	0.0001	Relu + tanh
-0.2032	1.0232	0.0001	0.0005	0.0005	0.0004	0.0001	Relu + tanh
-0.2032	1.0232	0.0001	0.0005	0.0005	0.0004	0.0001	Relu + tanh
-0.2032	1.0232	0.0001	0.0005	0.0005	0.0004	0.0001	Relu + tanh
-0.2032	1.0232	0.0001	0.0005	0.0005	0.0004	0.0001	Relu + tanh
-0.2032	1.0232	0.0001	0.0005	0.0005	0.0004	0.0001	Relu + tanh
-0.2032	1.0232	0.0001	0.0006	0.0006	0.0004	0.0001	Relu + tanh
-0.2024	1.0232	0.0001	0.0006	0.0006	0.0004	0.0001	Relu + tanh
-0.2024	1.0232	0.0001	0.0006	0.0006	0.0004	0.0001	Relu + tanh
-0.2024	1.0232	0.0001	0.0006	0.0006	0.0004	0.0001	Relu + tanh
-0.2024	1.0232	0.0001	0.0006	0.0006	0.0004	0.0001	Relu + tanh
-0.2024	1.0232	0.0001	0.0006	0.0006	0.0004	0.0001	Relu + tanh
-0.2024	1.0232	0.0001	0.0006	0.0006	0.0004	0.0001	Relu + tanh
-0.2016	1.0232	0.0001	0.0006	0.0006	0.0004	0.0001	Relu + tanh
-0.2016	1.0232	0.0001	0.0006	0.0006	0.0004	0.0001	Relu + tanh
-0.2016	1.0232	0.0001	0.0006	0.0006	0.0004	0.0001	Relu + tanh
-0.2016	1.0232	0.0001	0.0006	0.0006	0.0004	0.0001	Relu + tanh
-0.2016	1.0232	0.0001	0.0006	0.0006	0.0004	0.0001	Relu + tanh
-0.2016	1.0232	0.0001	0.0006	0.0006	0.0004	0.0001	Relu + tanh
-0.2008	1.0232	0.0001	0.0006	0.0006	0.0004	0.0001	Relu + tanh
-0.2008	1.0232	0.0001	0.0006	0.0006	0.0004	0.0001	Relu + tanh
-0.2008	1.0469	0.0001	0.0006	0.0006	0.0005	0.0001	Relu + tanh
-0.2008	1.0469	0.0001	0.0006	0.0006	0.0005	0.0001	Relu + tanh
-0.2008	1.0469	0.0001	0.0006	0.0006	0.0005	0.0001	Relu + tanh
-0.2008	1.0469	0.0001	0.0006	0.0006	0.0005	0.0001	Relu + tanh
-0.2008	1.0469	0.0001	0.0006	0.0006	0.0005	0.0001	Relu + tanh
-0.2	1.0469	0.0001	0.0006	0.0006	0.0005	0.0001	Relu + tanh
-0.2	1.0469	0.0001	0.0006	0.0006	0.0005	0.0001	Relu + tanh
-0.2	1.0469	0.0001	0.0006	0.0006	0.0005	0.0001	Relu + tanh
-0.2	1.0469	0.0001	0.0006	0.0006	0.0005	0.0001	Relu + tanh
-0.2	1.0469	0.0001	0.0006	0.0006	0.0005	0.0001	Relu + tanh
-0.2	1.0469	0.0001	0.0006	0.0006	0.0005	0.0001	Relu + tanh
-0.2	1.0469	0.0001	0.0006	0.0006	0.0005	0.0001	Relu + tanh
-0.1992	1.0469	0.0001	0.0006	0.0006	0.0005	0.0001	Relu + tanh
-0.1992	1.0469	0.0001	0.0006	0.0006	0.0005	0.0001	Relu + tanh
-0.1992	1.0469	0.0002	0.0006	0.0006	0.0005	0.0002	Relu + tanh
-0.1992	1.0469	0.0002	0.0006	0.0006	0.0005	0.0002	Relu + tanh
-0.1992	1.0469	0.0002	0.0006	0.0006	0.0005	0.0002	Relu + tanh
-0.1992	1.0469	0.0002	0.0006	0.0006	0.0005	0.0002	Relu + tanh
-0.1992	1.0469	0.0002	0.0006	0.0006	0.0005	0.0002	Relu + tanh
-0.1992	1.0469	0.0002	0.0006	0.0006	0.0005	0.0002	Relu + tanh
-0.1984	1.0469	0.0002	0.0006	0.0006	0.0005	0.0002	Relu + tanh
-0.1984	1.0469	0.0002	0.0006	0.0006	0.0005	0.0002	Relu + tanh
-0.1984	1.0469	0.0002	0.0006	0.0006	0.0005	0.0002	Relu + tanh
-0.1984	1.0469	0.0002	0.0006	0.0006	0.0005	0.0002	Relu + tanh
-0.1984	1.0469	0.0002	0.0006	0.0006	0.0005	0.0002	Relu + tanh
-0.1984	1.0469	0.0002	0.0006	0.0006	0.0005	0.0002	Relu + tanh
-0.1984	1.0469	0.0002	0.0006	0.0006	0.0005	0.0002	Relu + tanh
-0.1984	1.0469	0.0002	0.0006	0.0006	0.0005	0.0002	Relu + tanh
-0.1976	1.0469	0.0002	0.0006	0.0006	0.0005	0.0002	Relu + tanh
-0.1976	1.0469	0.0002	0.0006	0.0006	0.0005	0.0002	Relu + tanh
-0.1976	1.0469	0.0002	0.0006	0.0006	0.0005	0.0002	Relu + tanh
-0.1976	1.0469	0.0002	0.0006	0.0006	0.0005	0.0002	Relu + tanh
-0.1976	1.0469	0.0002	0.0006	0.0006	0.0005	0.0002	Relu + tanh
-0.1976	1.0469	0.0002	0.0006	0.0006	0.0005	0.0002	Relu + tanh
-0.1976	1.0469	0.0002	0.0006	0.0006	0.0005	0.0002	Relu + tanh
-0.1976	1.0469	0.0002	0.0006	0.0006	0.0005	0.0002	Relu + tanh
-0.1968	1.0469	0.0002	0.0006	0.0007	0.0005	0.0002	Relu + tanh
-0.1968	1.0469	0.0002	0.0006	0.0007	0.0005	0.0002	Relu + tanh
-0.1968	1.0469	0.0002	0.0006	0.0007	0.0005	0.0002	Relu + tanh
-0.1968	1.0469	0.0002	0.0006	0.0007	0.0005	0.0002	Relu + tanh
-0.1968	1.0469	0.0002	0.0006	0.0007	0.0005	0.0002	Relu + tanh
-0.1968	1.0469	0.0002	0.0006	0.0007	0.0005	0.0002	Relu + tanh
-0.1968	1.0469	0.0002	0.0006	0.0007	0.0005	0.0002	Relu + tanh
-0.1968	1.0469	0.0002	0.0006	0.0007	0.0005	0.0002	Relu + tanh
-0.196	1.0469	0.0002	0.0006	0.0007	0.0005	0.0002	Relu + tanh
-0.196	1.0469	0.0002	0.0006	0.0007	0.0005	0.0002	Relu + tanh
-0.196	1.0469	0.0002	0.0006	0.0007	0.0005	0.0002	Relu + tanh
-0.196	1.0469	0.0002	0.0006	0.0007	0.0006	0.0002	Relu + tanh
-0.196	1.0469	0.0002	0.0006	0.0007	0.0006	0.0002	Relu + tanh
-0.196	1.0469	0.0002	0.0006	0.0007	0.0006	0.0002	Relu + tanh
-0.196	1.0469	0.0002	0.0006	0.0007	0.0006	0.0002	Relu + tanh
-0.1952	1.0469	0.0002	0.0006	0.0007	0.0006	0.0002	Relu + tanh
-0.1952	1.0469	0.0002	0.0006	0.0007	0.0006	0.0002	Relu + tanh
-0.1952	1.0469	0.0002	0.0006	0.0007	0.0006	0.0002	Relu + tanh
-0.1952	1.0469	0.0002	0.0006	0.0007	0.0006	0.0002	Relu + tanh
-0.1952	1.0469	0.0002	0.0006	0.0007	0.0006	0.0002	Relu + tanh
-0.1952	1.0469	0.0002	0.0006	0.0007	0.0006	0.0002	Relu + tanh
-0.1952	1.0469	0.0002	0.0006	0.0007	0.0006	0.0002	Relu + tanh
-0.1952	1.0469	0.0002	0.0006	0.0007	0.0006	0.0002	Relu + tanh
-0.1944	1.0469	0.0002	0.0006	0.0007	0.0006	0.0002	Relu + tanh
-0.1944	1.0469	0.0002	0.0006	0.0007	0.0006	0.0002	Relu + tanh
-0.1944	1.0469	0.0002	0.0006	0.0007	0.0006	0.0002	Relu + tanh
-0.1944	1.0469	0.0002	0.0006	0.0007	0.0006	0.0002	Relu + tanh
-0.1944	1.0469	0.0002	0.0006	0.0007	0.0006	0.0002	Relu + tanh
-0.1944	1.0469	0.0002	0.0006	0.0007	0.0006	0.0002	Relu + tanh
-0.1944	1.0469	0.0002	0.0006	0.0007	0.0006	0.0002	Relu + tanh
-0.1944	1.0469	0.0002	0.0006	0.0007	0.0006	0.0002	Relu + tanh
-0.1936	1.0469	0.0002	0.0006	0.0007	0.0006	0.0002	Relu + tanh
-0.1936	1.0469	0.0002	0.0006	0.0007	0.0006	0.0002	Relu + tanh
-0.1936	1.0469	0.0002	0.0006	0.0007	0.0006	0.0002	Relu + tanh
-0.1936	1.0469	0.0002	0.0006	0.0007	0.0006	0.0002	Relu + tanh
-0.1936	1.0469	0.0002	0.0006	0.0007	0.0006	0.0002	Relu + tanh
-0.1936	1.0469	0.0002	0.0006	0.0007	0.0006	0.0002	Relu + tanh
-0.1936	1.0469	0.0002	0.0006	0.0007	0.0006	0.0002	Relu + tanh
-0.1936	1.0469	0.0002	0.0006	0.0007	0.0006	0.0002	Relu + tanh
-0.1928	1.0469	0.0002	0.0006	0.0007	0.0006	0.0002	Relu + tanh
-0.1928	1.0469	0.0002	0.0006	0.0007	0.0006	0.0002	Relu + tanh
-0.1928	1.0469	0.0002	0.0006	0.0007	0.0006	0.0002	Relu + tanh
-0.1928	1.0469	0.0002	0.0006	0.0007	0.0006	0.0002	Relu + tanh
-0.1928	1.0469	0.0002	0.0006	0.0007	0.0006	0.0002	Relu + tanh
-0.1928	1.0469	0.0002	0.0006	0.0007	0.0006	0.0002	Relu + tanh
-0.1928	1.0469	0.0002	0.0006	0.0007	0.0006	0.0002	Relu + tanh
-0.192	1.0469	0.0002	0.0006	0.0007	0.0006	0.0002	Relu + tanh
-0.192	1.0469	0.0002	0.0006	0.0007	0.0006	0.0002	Relu + tanh
-0.192	1.0469	0.0002	0.0006	0.0007	0.0006	0.0002	Relu + tanh
-0.192	1.0469	0.0002	0.0007	0.0008	0.0006	0.0002	Relu + tanh
-0.192	1.0469	0.0002	0.0007	0.0008	0.0006	0.0002	Relu + tanh
-0.192	1.0469	0.0002	0.0007	0.0008	0.0006	0.0002	Relu + tanh
-0.192	1.0469	0.0002	0.0007	0.0008	0.0007	0.0002	Relu + tanh
-0.1912	1.0469	0.0002	0.0007	0.0008	0.0007	0.0002	Relu + tanh
-0.1912	1.0469	0.0002	0.0007	0.0008	0.0007	0.0002	Relu + tanh
-0.1912	1.0469	0.0002	0.0007	0.0008	0.0007	0.0002	Relu + tanh
-0.1912	1.0469	0.0002	0.0007	0.0008	0.0007	0.0002	Relu + tanh
-0.1912	1.0469	0.0002	0.0007	0.0008	0.0007	0.0002	Relu + tanh
-0.1912	1.0469	0.0002	0.0007	0.0008	0.0007	0.0002	Relu + tanh
-0.1904	1.0469	0.0002	0.0007	0.0008	0.0007	0.0002	Relu + tanh
-0.1904	1.0469	0.0002	0.0007	0.0008	0.0007	0.0002	Relu + tanh
-0.1904	1.0469	0.0002	0.0007	0.0008	0.0007	0.0002	Relu + tanh
-0.1904	1.0469	0.0002	0.0007	0.0008	0.0007	0.0002	Relu + tanh
-0.1904	1.0469	0.0002	0.0007	0.0008	0.0007	0.0002	Relu + tanh
-0.1904	1.0469	0.0002	0.0007	0.0008	0.0007	0.0002	Relu + tanh
-0.1904	1.0469	0.0002	0.0007	0.0008	0.0007	0.0002	Relu + tanh
-0.1896	1.0469	0.0002	0.0007	0.0008	0.0007	0.0002	Relu + tanh
-0.1896	1.0469	0.0002	0.0007	0.0008	0.0007	0.0002	Relu + tanh
-0.1896	1.0469	0.0002	0.0007	0.0008	0.0007	0.0002	Relu + tanh
-0.1896	1.0469	0.0002	0.0007	0.0008	0.0007	0.0002	Relu + tanh
-0.1896	1.0469	0.0002	0.0007	0.0008	0.0007	0.0002	Relu + tanh
-0.1896	1.0469	0.0002	0.0007	0.0008	0.0007	0.0002	Relu + tanh
-0.1896	1.0469	0.0002	0.0007	0.0008	0.0007	0.0002	Relu + tanh
-0.1896	1.0469	0.0002	0.0007	0.0008	0.0007	0.0002	Relu + tanh
-0.1888	1.0469	0.0002	0.0007	0.0008	0.0007	0.0002	Relu + tanh
-0.1888	1.0469	0.0002	0.0007	0.0008	0.0007	0.0002	Relu + tanh
-0.1888	1.0469	0.0002	0.0007	0.0008	0.0007	0.0002	Relu + tanh
-0.1888	1.0469	0.0002	0.0007	0.0008	0.0007	0.0002	Relu + tanh
-0.1888	1.0469	0.0002	0.0007	0.0008	0.0007	0.0002	Relu + tanh
-0.1888	1.0469	0.0002	0.0007	0.0008	0.0007	0.0002	Relu + tanh
-0.1888	1.0469	0.0002	0.0007	0.0008	0.0007	0.0002	Relu + tanh
-0.1888	1.0469	0.0002	0.0007	0.0008	0.0007	0.0002	Relu + tanh
-0.188	1.0712	0.0002	0.0007	0.0008	0.0007	0.0002	Relu + tanh
-0.188	1.0712	0.0002	0.0007	0.0008	0.0007	0.0002	Relu + tanh
-0.188	1.0712	0.0002	0.0007	0.0008	0.0007	0.0002	Relu + tanh
-0.188	1.0712	0.0002	0.0007	0.0008	0.0007	0.0002	Relu + tanh
-0.188	1.0712	0.0002	0.0007	0.0008	0.0007	0.0002	Relu + tanh
-0.188	1.0712	0.0002	0.0007	0.0008	0.0007	0.0002	Relu + tanh
-0.188	1.0712	0.0002	0.0007	0.0008	0.0007	0.0002	Relu + tanh
-0.188	1.0712	0.0002	0.0007	0.0008	0.0007	0.0002	Relu + tanh
-0.188	1.0712	0.0002	0.0007	0.0008	0.0007	0.0002	Relu + tanh
-0.1872	1.0712	0.0002	0.0007	0.0008	0.0007	0.0002	Relu + tanh
-0.1872	1.0712	0.0002	0.0007	0.0008	0.0007	0.0002	Relu + tanh
-0.1872	1.0712	0.0002	0.0007	0.0008	0.0007	0.0002	Relu + tanh
-0.1872	1.0712	0.0002	0.0007	0.0008	0.0007	0.0002	Relu + tanh
-0.1872	1.0712	0.0002	0.0007	0.0008	0.0008	0.0002	Relu + tanh
-0.1872	1.0712	0.0002	0.0007	0.0008	0.0008	0.0002	Relu + tanh
-0.1872	1.0712	0.0002	0.0007	0.0008	0.0008	0.0002	Relu + tanh
-0.1872	1.0712	0.0002	0.0007	0.0008	0.0008	0.0002	Relu + tanh
-0.1864	1.0712	0.0002	0.0007	0.0008	0.0008	0.0002	Relu + tanh
-0.1864	1.0712	0.0002	0.0007	0.0009	0.0008	0.0002	Relu + tanh
-0.1864	1.0712	0.0002	0.0007	0.0009	0.0008	0.0002	Relu + tanh
-0.1864	1.0712	0.0002	0.0007	0.0009	0.0008	0.0002	Relu + tanh
-0.1864	1.0712	0.0002	0.0007	0.0009	0.0008	0.0002	Relu + tanh
-0.1864	1.0712	0.0002	0.0007	0.0009	0.0008	0.0002	Relu + tanh
-0.1864	1.0712	0.0002	0.0007	0.0009	0.0008	0.0002	Relu + tanh
-0.1864	1.0712	0.0002	0.0007	0.0009	0.0008	0.0002	Relu + tanh
-0.1856	1.0712	0.0002	0.0007	0.0009	0.0008	0.0002	Relu + tanh
-0.1856	1.0712	0.0002	0.0007	0.0009	0.0008	0.0002	Relu + tanh
-0.1856	1.0712	0.0002	0.0007	0.0009	0.0008	0.0002	Relu + tanh
-0.1856	1.0712	0.0002	0.0007	0.0009	0.0008	0.0002	Relu + tanh
-0.1856	1.0712	0.0002	0.0007	0.0009	0.0008	0.0002	Relu + tanh
-0.1856	1.0712	0.0002	0.0007	0.0009	0.0008	0.0002	Relu + tanh
-0.1856	1.0712	0.0002	0.0007	0.0009	0.0008	0.0002	Relu + tanh
-0.1856	1.0712	0.0002	0.0007	0.0009	0.0008	0.0002	Relu + tanh
-0.1848	1.0712	0.0002	0.0007	0.0009	0.0008	0.0002	Relu + tanh
-0.1848	1.0712	0.0002	0.0007	0.0009	0.0008	0.0002	Relu + tanh
-0.1848	1.0712	0.0002	0.0007	0.0009	0.0008	0.0002	Relu + tanh
-0.1848	1.0712	0.0002	0.0007	0.0009	0.0008	0.0002	Relu + tanh
-0.1848	1.0712	0.0002	0.0007	0.0009	0.0008	0.0002	Relu + tanh
-0.1848	1.0712	0.0002	0.0007	0.0009	0.0008	0.0002	Relu + tanh
-0.1848	1.0712	0.0002	0.0007	0.0009	0.0008	0.0002	Relu + tanh
-0.1848	1.0712	0.0002	0.0007	0.0009	0.0008	0.0002	Relu + tanh
-0.184	1.0712	0.0002	0.0007	0.0009	0.0008	0.0002	Relu + tanh
-0.184	1.0712	0.0002	0.0007	0.0009	0.0008	0.0002	Relu + tanh
-0.184	1.0712	0.0002	0.0007	0.0009	0.0008	0.0002	Relu + tanh
-0.184	1.0712	0.0002	0.0007	0.0009	0.0008	0.0002	Relu + tanh
-0.184	1.0712	0.0002	0.0007	0.0009	0.0008	0.0002	Relu + tanh
-0.184	1.0712	0.0002	0.0007	0.0009	0.0008	0.0002	Relu + tanh
-0.184	1.0712	0.0002	0.0007	0.0009	0.0008	0.0002	Relu + tanh
-0.184	1.0712	0.0002	0.0007	0.0009	0.0008	0.0002	Relu + tanh
-0.1832	1.0712	0.0002	0.0007	0.0009	0.0008	0.0002	Relu + tanh
-0.1832	1.0712	0.0002	0.0007	0.0009	0.0008	0.0002	Relu + tanh
-0.1832	1.0712	0.0002	0.0007	0.0009	0.0008	0.0002	Relu + tanh
-0.1832	1.0712	0.0002	0.0007	0.0009	0.0008	0.0002	Relu + tanh
-0.1832	1.0712	0.0003	0.0007	0.0009	0.0008	0.0003	Relu + tanh
-0.1832	1.0712	0.0003	0.0007	0.0009	0.0009	0.0003	Relu + tanh
-0.1832	1.0712	0.0003	0.0007	0.0009	0.0009	0.0003	Relu + tanh
-0.1832	1.0712	0.0003	0.0007	0.0009	0.0009	0.0003	Relu + tanh
-0.1824	1.0712	0.0003	0.0007	0.0009	0.0009	0.0003	Relu + tanh
-0.1824	1.0712	0.0003	0.0007	0.0009	0.0009	0.0003	Relu + tanh
-0.1824	1.0712	0.0003	0.0007	0.0009	0.0009	0.0003	Relu + tanh
-0.1824	1.0712	0.0003	0.0007	0.0009	0.0009	0.0003	Relu + tanh
-0.1824	1.0712	0.0003	0.0007	0.0009	0.0009	0.0003	Relu + tanh
-0.1824	1.0712	0.0003	0.0007	0.0009	0.0009	0.0003	Relu + tanh
-0.1824	1.0712	0.0003	0.0007	0.0009	0.0009	0.0003	Relu + tanh
-0.1816	1.0712	0.0003	0.0008	0.0009	0.0009	0.0003	Relu + tanh
-0.1816	1.0712	0.0003	0.0008	0.0009	0.0009	0.0003	Relu + tanh
-0.1816	1.0712	0.0003	0.0008	0.0009	0.0009	0.0003	Relu + tanh
-0.1816	1.0712	0.0003	0.0008	0.0009	0.0009	0.0003	Relu + tanh
-0.1816	1.0712	0.0003	0.0008	0.0009	0.0009	0.0003	Relu + tanh
-0.1816	1.0712	0.0003	0.0008	0.0009	0.0009	0.0003	Relu + tanh
-0.1816	1.0712	0.0003	0.0008	0.0009	0.0009	0.0003	Relu + tanh
-0.1816	1.0712	0.0003	0.0008	0.0009	0.0009	0.0003	Relu + tanh
-0.1808	1.0712	0.0003	0.0008	0.0009	0.0009	0.0003	Relu + tanh
-0.1808	1.0712	0.0003	0.0008	0.0009	0.0009	0.0003	Relu + tanh
-0.1808	1.0712	0.0003	0.0008	0.0009	0.0009	0.0003	Relu + tanh
-0.1808	1.0712	0.0003	0.0008	0.001	0.0009	0.0003	Relu + tanh
-0.1808	1.0712	0.0003	0.0008	0.001	0.0009	0.0003	Relu + tanh
-0.1808	1.0712	0.0003	0.0008	0.001	0.0009	0.0003	Relu + tanh
-0.1808	1.0712	0.0003	0.0008	0.001	0.0009	0.0003	Relu + tanh
-0.1808	1.0712	0.0003	0.0008	0.001	0.0009	0.0003	Relu + tanh
-0.18	1.0712	0.0003	0.0008	0.001	0.0009	0.0003	Relu + tanh
-0.18	1.0712	0.0003	0.0008	0.001	0.0009	0.0003	Relu + tanh
-0.18	1.0712	0.0003	0.0008	0.001	0.0009	0.0003	Relu + tanh
-0.18	1.0712	0.0003	0.0008	0.001	0.0009	0.0003	Relu + tanh
-0.18	1.0712	0.0003	0.0008	0.001	0.0009	0.0003	Relu + tanh
-0.18	1.0712	0.0003	0.0008	0.001	0.0009	0.0003	Relu + tanh
-0.18	1.0712	0.0003	0.0008	0.001	0.0009	0.0003	Relu + tanh
-0.18	1.0712	0.0003	0.0008	0.001	0.0009	0.0003	Relu + tanh
-0.1792	1.0712	0.0003	0.0008	0.001	0.0009	0.0003	Relu + tanh
-0.1792	1.0712	0.0003	0.0008	0.001	0.0009	0.0003	Relu + tanh
-0.1792	1.0712	0.0003	0.0008	0.001	0.001	0.0003	Relu + tanh
-0.1792	1.0712	0.0003	0.0008	0.001	0.001	0.0003	Relu + tanh
-0.1792	1.0712	0.0003	0.0008	0.001	0.001	0.0003	Relu + tanh
-0.1792	1.0712	0.0003	0.0008	0.001	0.001	0.0003	Relu + tanh
-0.1792	1.0712	0.0003	0.0008	0.001	0.001	0.0003	Relu + tanh
-0.1792	1.0712	0.0003	0.0008	0.001	0.001	0.0003	Relu + tanh
-0.1792	1.0712	0.0003	0.0008	0.001	0.001	0.0003	Relu + tanh
-0.1784	1.0712	0.0003	0.0008	0.001	0.001	0.0003	Relu + tanh
-0.1784	1.0712	0.0003	0.0008	0.001	0.001	0.0003	Relu + tanh
-0.1784	1.0712	0.0003	0.0008	0.001	0.001	0.0003	Relu + tanh
-0.1784	1.0712	0.0003	0.0008	0.001	0.001	0.0003	Relu + tanh
-0.1784	1.0712	0.0003	0.0008	0.001	0.001	0.0003	Relu + tanh
-0.1784	1.0712	0.0003	0.0008	0.001	0.001	0.0003	Relu + tanh
-0.1784	1.0712	0.0003	0.0008	0.001	0.001	0.0003	Relu + tanh
-0.1784	1.0712	0.0003	0.0008	0.001	0.001	0.0003	Relu + tanh
-0.1776	1.0712	0.0003	0.0008	0.001	0.001	0.0003	Relu + tanh
-0.1776	1.0712	0.0003	0.0008	0.001	0.001	0.0003	Relu + tanh
-0.1776	1.0712	0.0003	0.0008	0.001	0.001	0.0003	Relu + tanh
-0.1776	1.0712	0.0003	0.0008	0.001	0.001	0.0003	Relu + tanh
-0.1776	1.0712	0.0003	0.0008	0.001	0.001	0.0003	Relu + tanh
-0.1776	1.0712	0.0003	0.0008	0.001	0.001	0.0003	Relu + tanh
-0.1776	1.0712	0.0003	0.0008	0.001	0.001	0.0003	Relu + tanh
-0.1776	1.0712	0.0003	0.0008	0.001	0.001	0.0003	Relu + tanh
-0.1776	1.0712	0.0003	0.0008	0.001	0.001	0.0003	Relu + tanh
-0.1768	1.0712	0.0003	0.0008	0.001	0.001	0.0003	Relu + tanh
-0.1768	1.0712	0.0003	0.0008	0.001	0.001	0.0003	Relu + tanh
-0.1768	1.0712	0.0003	0.0008	0.001	0.001	0.0003	Relu + tanh
-0.1768	1.0712	0.0003	0.0008	0.001	0.001	0.0003	Relu + tanh
-0.1768	1.0712	0.0003	0.0008	0.001	0.001	0.0003	Relu + tanh
-0.1768	1.0712	0.0003	0.0008	0.001	0.001	0.0003	Relu + tanh
-0.1768	1.0712	0.0003	0.0009	0.001	0.001	0.0003	Relu + tanh
-0.1768	1.0712	0.0003	0.0009	0.001	0.001	0.0003	Relu + tanh
-0.1768	1.0712	0.0003	0.0009	0.001	0.001	0.0003	Relu + tanh
-0.176	1.0712	0.0003	0.0009	0.001	0.001	0.0003	Relu + tanh
-0.176	1.0712	0.0003	0.0009	0.001	0.001	0.0003	Relu + tanh
-0.176	1.0712	0.0003	0.0009	0.001	0.001	0.0003	Relu + tanh
-0.176	1.0712	0.0003	0.0009	0.001	0.001	0.0003	Relu + tanh
-0.176	1.0712	0.0003	0.0009	0.001	0.0011	0.0003	Relu + tanh
-0.176	1.0712	0.0003	0.0009	0.001	0.0011	0.0003	Relu + tanh
-0.176	1.0712	0.0003	0.0009	0.001	0.0011	0.0003	Relu + tanh
-0.176	1.0712	0.0003	0.0009	0.001	0.0011	0.0003	Relu + tanh
-0.1752	1.0712	0.0003	0.0009	0.001	0.0011	0.0003	Relu + tanh
-0.1752	1.0712	0.0003	0.0009	0.001	0.0011	0.0003	Relu + tanh
-0.1752	1.0712	0.0003	0.0009	0.001	0.0011	0.0003	Relu + tanh
-0.1752	1.0712	0.0003	0.0009	0.001	0.0011	0.0003	Relu + tanh
-0.1752	1.0712	0.0003	0.0009	0.001	0.0011	0.0003	Relu + tanh
-0.1752	1.0712	0.0003	0.0009	0.001	0.0011	0.0003	Relu + tanh
-0.1752	1.0712	0.0003	0.0009	0.001	0.0011	0.0003	Relu + tanh
-0.1752	1.0712	0.0003	0.0009	0.0011	0.0011	0.0003	Relu + tanh
-0.1744	1.0712	0.0003	0.0009	0.0011	0.0011	0.0003	Relu + tanh
-0.1744	1.0712	0.0003	0.0009	0.0011	0.0011	0.0003	Relu + tanh
-0.1744	1.0712	0.0003	0.0009	0.0011	0.0011	0.0003	Relu + tanh
-0.1744	1.0712	0.0003	0.0009	0.0011	0.0011	0.0003	Relu + tanh
-0.1744	1.0712	0.0003	0.0009	0.0011	0.0011	0.0003	Relu + tanh
-0.1744	1.0712	0.0003	0.0009	0.0011	0.0011	0.0003	Relu + tanh
-0.1744	1.0712	0.0003	0.0009	0.0011	0.0011	0.0003	Relu + tanh
-0.1744	1.0712	0.0003	0.0009	0.0011	0.0011	0.0003	Relu + tanh
-0.1736	1.0712	0.0003	0.0009	0.0011	0.0011	0.0003	Relu + tanh
-0.1736	1.0712	0.0003	0.0009	0.0011	0.0011	0.0003	Relu + tanh
-0.1736	1.0712	0.0003	0.0009	0.0011	0.0011	0.0003	Relu + tanh
-0.1736	1.0712	0.0003	0.0009	0.0011	0.0011	0.0003	Relu + tanh
-0.1736	1.0712	0.0003	0.0009	0.0011	0.0011	0.0003	Relu + tanh
-0.1736	1.0712	0.0003	0.0009	0.0011	0.0011	0.0003	Relu + tanh
-0.1736	1.0712	0.0003	0.0009	0.0011	0.0011	0.0003	Relu + tanh
-0.1736	1.0712	0.0003	0.0009	0.0011	0.0011	0.0003	Relu + tanh
-0.1728	1.0712	0.0003	0.0009	0.0011	0.0011	0.0003	Relu + tanh
-0.1728	1.0712	0.0003	0.0009	0.0011	0.0011	0.0003	Relu + tanh
-0.1728	1.0712	0.0003	0.0009	0.0011	0.0011	0.0003	Relu + tanh
-0.1728	1.0712	0.0003	0.0009	0.0011	0.0011	0.0003	Relu + tanh
-0.1728	1.0712	0.0003	0.0009	0.0011	0.0011	0.0003	Relu + tanh
-0.1728	1.0712	0.0003	0.0009	0.0011	0.0012	0.0003	Relu + tanh
-0.1728	1.0961	0.0003	0.0009	0.0011	0.0012	0.0003	Relu + tanh
-0.1728	1.0961	0.0003	0.0009	0.0011	0.0012	0.0003	Relu + tanh
-0.172	1.0961	0.0003	0.0009	0.0011	0.0012	0.0003	Relu + tanh
-0.172	1.0961	0.0003	0.0009	0.0011	0.0012	0.0003	Relu + tanh
-0.172	1.0961	0.0003	0.0009	0.0011	0.0012	0.0003	Relu + tanh
-0.172	1.0961	0.0003	0.0009	0.0011	0.0012	0.0003	Relu + tanh
-0.172	1.0961	0.0003	0.0009	0.0011	0.0012	0.0003	Relu + tanh
-0.172	1.0961	0.0003	0.0009	0.0011	0.0012	0.0003	Relu + tanh
-0.172	1.0961	0.0003	0.0009	0.0011	0.0012	0.0003	Relu + tanh
-0.172	1.0961	0.0003	0.0009	0.0011	0.0012	0.0003	Relu + tanh
-0.1712	1.0961	0.0003	0.0009	0.0011	0.0012	0.0003	Relu + tanh
-0.1712	1.0961	0.0003	0.001	0.0011	0.0012	0.0003	Relu + tanh
-0.1712	1.0961	0.0003	0.001	0.0011	0.0012	0.0003	Relu + tanh
-0.1712	1.0961	0.0003	0.001	0.0011	0.0012	0.0003	Relu + tanh
-0.1712	1.0961	0.0003	0.001	0.0011	0.0012	0.0003	Relu + tanh
-0.1712	1.0961	0.0003	0.001	0.0011	0.0012	0.0003	Relu + tanh
-0.1712	1.0961	0.0004	0.001	0.0011	0.0012	0.0004	Relu + tanh
-0.1712	1.0961	0.0004	0.001	0.0011	0.0012	0.0004	Relu + tanh
-0.1712	1.0961	0.0004	0.001	0.0011	0.0012	0.0004	Relu + tanh
-0.1704	1.0961	0.0004	0.001	0.0012	0.0012	0.0004	Relu + tanh
-0.1704	1.0961	0.0004	0.001	0.0012	0.0012	0.0004	Relu + tanh
-0.1704	1.0961	0.0004	0.001	0.0012	0.0012	0.0004	Relu + tanh
-0.1704	1.0961	0.0004	0.001	0.0012	0.0012	0.0004	Relu + tanh
-0.1704	1.0961	0.0004	0.001	0.0012	0.0012	0.0004	Relu + tanh
-0.1704	1.0961	0.0004	0.001	0.0012	0.0012	0.0004	Relu + tanh
-0.1704	1.0961	0.0004	0.001	0.0012	0.0012	0.0004	Relu + tanh
-0.1704	1.0961	0.0004	0.001	0.0012	0.0012	0.0004	Relu + tanh
-0.1696	1.0961	0.0004	0.001	0.0012	0.0012	0.0004	Relu + tanh
-0.1696	1.0961	0.0004	0.001	0.0012	0.0012	0.0004	Relu + tanh
-0.1696	1.0961	0.0004	0.001	0.0012	0.0012	0.0004	Relu + tanh
-0.1696	1.0961	0.0004	0.001	0.0012	0.0012	0.0004	Relu + tanh
-0.1696	1.0961	0.0004	0.001	0.0012	0.0012	0.0004	Relu + tanh
-0.1696	1.0961	0.0004	0.001	0.0012	0.0012	0.0004	Relu + tanh
-0.1696	1.0961	0.0004	0.001	0.0012	0.0012	0.0004	Relu + tanh
-0.1696	1.0961	0.0004	0.001	0.0012	0.0013	0.0004	Relu + tanh
-0.1688	1.0961	0.0004	0.001	0.0012	0.0013	0.0004	Relu + tanh
-0.1688	1.0961	0.0004	0.001	0.0012	0.0013	0.0004	Relu + tanh
-0.1688	1.0961	0.0004	0.001	0.0012	0.0013	0.0004	Relu + tanh
-0.1688	1.0961	0.0004	0.001	0.0012	0.0013	0.0004	Relu + tanh
-0.1688	1.0961	0.0004	0.001	0.0012	0.0013	0.0004	Relu + tanh
-0.1688	1.0961	0.0004	0.001	0.0012	0.0013	0.0004	Relu + tanh
-0.1688	1.0961	0.0004	0.001	0.0012	0.0013	0.0004	Relu + tanh
-0.168	1.0961	0.0004	0.001	0.0013	0.0013	0.0004	Relu + tanh
-0.168	1.0961	0.0004	0.001	0.0013	0.0013	0.0004	Relu + tanh
-0.168	1.0961	0.0004	0.001	0.0013	0.0013	0.0004	Relu + tanh
-0.168	1.0961	0.0004	0.001	0.0013	0.0013	0.0004	Relu + tanh
-0.168	1.0961	0.0004	0.001	0.0013	0.0013	0.0004	Relu + tanh
-0.168	1.0961	0.0004	0.001	0.0013	0.0013	0.0004	Relu + tanh
-0.168	1.0961	0.0004	0.001	0.0013	0.0013	0.0004	Relu + tanh
-0.168	1.0961	0.0004	0.001	0.0013	0.0013	0.0004	Relu + tanh
-0.1672	1.0961	0.0004	0.001	0.0013	0.0013	0.0004	Relu + tanh
-0.1672	1.0961	0.0004	0.001	0.0013	0.0013	0.0004	Relu + tanh
-0.1672	1.0961	0.0004	0.001	0.0013	0.0013	0.0004	Relu + tanh
-0.1672	1.0961	0.0004	0.001	0.0013	0.0013	0.0004	Relu + tanh
-0.1672	1.0961	0.0004	0.001	0.0013	0.0013	0.0004	Relu + tanh
-0.1672	1.0961	0.0004	0.001	0.0013	0.0013	0.0004	Relu + tanh
-0.1672	1.0961	0.0004	0.001	0.0013	0.0013	0.0004	Relu + tanh
-0.1664	1.0961	0.0004	0.001	0.0013	0.0013	0.0004	Relu + tanh
-0.1664	1.0961	0.0004	0.001	0.0013	0.0013	0.0004	Relu + tanh
-0.1664	1.0961	0.0004	0.001	0.0013	0.0013	0.0004	Relu + tanh
-0.1664	1.0961	0.0004	0.001	0.0013	0.0013	0.0004	Relu + tanh
-0.1664	1.0961	0.0004	0.0011	0.0013	0.0013	0.0004	Relu + tanh
-0.1664	1.0961	0.0004	0.0011	0.0013	0.0013	0.0004	Relu + tanh
-0.1656	1.0961	0.0004	0.0011	0.0014	0.0013	0.0004	Relu + tanh
-0.1656	1.0961	0.0004	0.0011	0.0014	0.0013	0.0004	Relu + tanh
-0.1656	1.0961	0.0004	0.0011	0.0014	0.0013	0.0004	Relu + tanh
-0.1656	1.0961	0.0004	0.0011	0.0014	0.0013	0.0004	Relu + tanh
-0.1656	1.0961	0.0004	0.0011	0.0014	0.0013	0.0004	Relu + tanh
-0.1656	1.0961	0.0004	0.0011	0.0014	0.0013	0.0004	Relu + tanh
-0.1656	1.0961	0.0004	0.0011	0.0014	0.0013	0.0004	Relu + tanh
-0.1656	1.0961	0.0004	0.0011	0.0014	0.0013	0.0004	Relu + tanh
-0.1648	1.0961	0.0004	0.0011	0.0014	0.0013	0.0004	Relu + tanh
-0.1648	1.0961	0.0004	0.0011	0.0014	0.0013	0.0004	Relu + tanh
-0.1648	1.0961	0.0004	0.0011	0.0014	0.0013	0.0004	Relu + tanh
-0.1648	1.0961	0.0004	0.0011	0.0014	0.0013	0.0004	Relu + tanh
-0.1648	1.0961	0.0004	0.0011	0.0014	0.0013	0.0004	Relu + tanh
-0.1648	1.0961	0.0004	0.0011	0.0014	0.0014	0.0004	Relu + tanh
-0.1648	1.0961	0.0004	0.0011	0.0014	0.0014	0.0004	Relu + tanh
-0.1648	1.0961	0.0004	0.0011	0.0014	0.0014	0.0004	Relu + tanh
-0.1648	1.0961	0.0004	0.0011	0.0014	0.0014	0.0004	Relu + tanh
-0.164	1.0961	0.0004	0.0011	0.0014	0.0014	0.0004	Relu + tanh
-0.164	1.0961	0.0004	0.0011	0.0014	0.0014	0.0004	Relu + tanh
-0.164	1.0961	0.0004	0.0011	0.0014	0.0014	0.0004	Relu + tanh
-0.164	1.0961	0.0004	0.0011	0.0014	0.0014	0.0004	Relu + tanh
-0.164	1.0961	0.0004	0.0011	0.0014	0.0014	0.0004	Relu + tanh
-0.164	1.0961	0.0004	0.0011	0.0015	0.0014	0.0004	Relu + tanh
-0.164	1.0961	0.0004	0.0011	0.0015	0.0014	0.0004	Relu + tanh
-0.164	1.0961	0.0004	0.0011	0.0015	0.0014	0.0004	Relu + tanh
-0.1632	1.0961	0.0004	0.0011	0.0015	0.0014	0.0004	Relu + tanh
-0.1632	1.0961	0.0004	0.0011	0.0015	0.0014	0.0004	Relu + tanh
-0.1632	1.0961	0.0004	0.0011	0.0015	0.0014	0.0004	Relu + tanh
-0.1632	1.0961	0.0004	0.0011	0.0015	0.0014	0.0004	Relu + tanh
-0.1632	1.0961	0.0004	0.0011	0.0015	0.0014	0.0004	Relu + tanh
-0.1632	1.0961	0.0004	0.0012	0.0015	0.0014	0.0004	Relu + tanh
-0.1632	1.0961	0.0004	0.0012	0.0015	0.0014	0.0004	Relu + tanh
-0.1632	1.0961	0.0004	0.0012	0.0015	0.0014	0.0004	Relu + tanh
-0.1624	1.0961	0.0004	0.0012	0.0015	0.0014	0.0004	Relu + tanh
-0.1624	1.0961	0.0004	0.0012	0.0015	0.0014	0.0004	Relu + tanh
-0.1624	1.0961	0.0004	0.0012	0.0015	0.0014	0.0004	Relu + tanh
-0.1624	1.0961	0.0004	0.0012	0.0015	0.0014	0.0004	Relu + tanh
-0.1624	1.0961	0.0004	0.0012	0.0015	0.0014	0.0004	Relu + tanh
-0.1624	1.0961	0.0004	0.0012	0.0015	0.0014	0.0004	Relu + tanh
-0.1624	1.0961	0.0004	0.0012	0.0015	0.0014	0.0004	Relu + tanh
-0.1616	1.0961	0.0004	0.0012	0.0015	0.0014	0.0004	Relu + tanh
-0.1616	1.0961	0.0004	0.0012	0.0015	0.0014	0.0004	Relu + tanh
-0.1616	1.0961	0.0004	0.0012	0.0015	0.0014	0.0004	Relu + tanh
-0.1616	1.0961	0.0004	0.0012	0.0015	0.0014	0.0004	Relu + tanh
-0.1616	1.0961	0.0004	0.0012	0.0015	0.0014	0.0004	Relu + tanh
-0.1616	1.0961	0.0004	0.0012	0.0015	0.0014	0.0004	Relu + tanh
-0.1616	1.0961	0.0004	0.0012	0.0016	0.0014	0.0004	Relu + tanh
-0.1608	1.0961	0.0004	0.0012	0.0016	0.0014	0.0004	Relu + tanh
-0.1608	1.0961	0.0004	0.0012	0.0016	0.0014	0.0004	Relu + tanh
-0.1608	1.0961	0.0004	0.0012	0.0016	0.0014	0.0004	Relu + tanh
-0.1608	1.0961	0.0004	0.0012	0.0016	0.0014	0.0004	Relu + tanh
-0.1608	1.0961	0.0004	0.0012	0.0016	0.0014	0.0004	Relu + tanh
-0.1608	1.0961	0.0004	0.0012	0.0016	0.0014	0.0004	Relu + tanh
-0.1608	1.0961	0.0004	0.0012	0.0016	0.0014	0.0004	Relu + tanh
-0.16	1.0961	0.0004	0.0012	0.0016	0.0015	0.0004	Relu + tanh
-0.16	1.0961	0.0004	0.0012	0.0016	0.0015	0.0004	Relu + tanh
-0.16	1.0961	0.0004	0.0012	0.0016	0.0015	0.0004	Relu + tanh
-0.16	1.0961	0.0004	0.0012	0.0016	0.0015	0.0004	Relu + tanh
-0.16	1.0961	0.0004	0.0012	0.0016	0.0015	0.0004	Relu + tanh
-0.16	1.0961	0.0004	0.0012	0.0016	0.0015	0.0004	Relu + tanh
-0.16	1.0961	0.0004	0.0012	0.0016	0.0015	0.0004	Relu + tanh
-0.16	1.0961	0.0004	0.0012	0.0016	0.0015	0.0004	Relu + tanh
-0.1592	1.0961	0.0004	0.0012	0.0016	0.0015	0.0004	Relu + tanh
-0.1592	1.0961	0.0004	0.0012	0.0016	0.0015	0.0004	Relu + tanh
-0.1592	1.0961	0.0004	0.0012	0.0016	0.0015	0.0004	Relu + tanh
-0.1592	1.0961	0.0004	0.0012	0.0016	0.0015	0.0004	Relu + tanh
-0.1592	1.0961	0.0005	0.0013	0.0016	0.0015	0.0005	Relu + tanh
-0.1592	1.0961	0.0005	0.0013	0.0016	0.0015	0.0005	Relu + tanh
-0.1592	1.0961	0.0005	0.0013	0.0016	0.0015	0.0005	Relu + tanh
-0.1584	1.0961	0.0005	0.0013	0.0016	0.0015	0.0005	Relu + tanh
-0.1584	1.0961	0.0005	0.0013	0.0017	0.0015	0.0005	Relu + tanh
-0.1584	1.0961	0.0005	0.0013	0.0017	0.0015	0.0005	Relu + tanh
-0.1584	1.0961	0.0005	0.0013	0.0017	0.0015	0.0005	Relu + tanh
-0.1584	1.0961	0.0005	0.0013	0.0017	0.0015	0.0005	Relu + tanh
-0.1584	1.0961	0.0005	0.0013	0.0017	0.0015	0.0005	Relu + tanh
-0.1584	1.0961	0.0005	0.0013	0.0017	0.0015	0.0005	Relu + tanh
-0.1576	1.0961	0.0005	0.0013	0.0017	0.0015	0.0005	Relu + tanh
-0.1576	1.0961	0.0005	0.0013	0.0017	0.0015	0.0005	Relu + tanh
-0.1576	1.0961	0.0005	0.0013	0.0017	0.0015	0.0005	Relu + tanh
-0.1576	1.0961	0.0005	0.0013	0.0017	0.0015	0.0005	Relu + tanh
-0.1576	1.0961	0.0005	0.0013	0.0017	0.0015	0.0005	Relu + tanh
-0.1576	1.0961	0.0005	0.0013	0.0017	0.0015	0.0005	Relu + tanh
-0.1576	1.0961	0.0005	0.0013	0.0017	0.0015	0.0005	Relu + tanh
-0.1576	1.0961	0.0005	0.0013	0.0017	0.0015	0.0005	Relu + tanh
-0.1568	1.0961	0.0005	0.0013	0.0017	0.0015	0.0005	Relu + tanh
-0.1568	1.0961	0.0005	0.0013	0.0017	0.0015	0.0005	Relu + tanh
-0.1568	1.0961	0.0005	0.0013	0.0017	0.0015	0.0005	Relu + tanh
-0.1568	1.0961	0.0005	0.0013	0.0017	0.0015	0.0005	Relu + tanh
-0.1568	1.0961	0.0005	0.0013	0.0017	0.0015	0.0005	Relu + tanh
-0.1568	1.0961	0.0005	0.0013	0.0017	0.0015	0.0005	Relu + tanh
-0.1568	1.0961	0.0005	0.0013	0.0017	0.0015	0.0005	Relu + tanh
-0.1568	1.0961	0.0005	0.0013	0.0017	0.0015	0.0005	Relu + tanh
-0.1568	1.0961	0.0005	0.0013	0.0017	0.0015	0.0005	Relu + tanh
-0.156	1.0961	0.0005	0.0013	0.0017	0.0015	0.0005	Relu + tanh
-0.156	1.0961	0.0005	0.0013	0.0017	0.0015	0.0005	Relu + tanh
-0.156	1.0961	0.0005	0.0013	0.0018	0.0015	0.0005	Relu + tanh
-0.156	1.0961	0.0005	0.0013	0.0018	0.0015	0.0005	Relu + tanh
-0.156	1.0961	0.0005	0.0013	0.0018	0.0015	0.0005	Relu + tanh
-0.156	1.0961	0.0005	0.0013	0.0018	0.0015	0.0005	Relu + tanh
-0.1552	1.0961	0.0005	0.0013	0.0018	0.0015	0.0005	Relu + tanh
-0.1552	1.0961	0.0005	0.0014	0.0018	0.0015	0.0005	Relu + tanh
-0.1552	1.0961	0.0005	0.0014	0.0018	0.0015	0.0005	Relu + tanh
-0.1552	1.0961	0.0005	0.0014	0.0018	0.0015	0.0005	Relu + tanh
-0.1552	1.0961	0.0005	0.0014	0.0018	0.0015	0.0005	Relu + tanh
-0.1552	1.0961	0.0005	0.0014	0.0018	0.0015	0.0005	Relu + tanh
-0.1544	1.0961	0.0005	0.0014	0.0018	0.0016	0.0005	Relu + tanh
-0.1544	1.0961	0.0005	0.0014	0.0018	0.0016	0.0005	Relu + tanh
-0.1544	1.0961	0.0005	0.0014	0.0018	0.0016	0.0005	Relu + tanh
-0.1544	1.0961	0.0005	0.0014	0.0018	0.0016	0.0005	Relu + tanh
-0.1544	1.0961	0.0005	0.0014	0.0018	0.0016	0.0005	Relu + tanh
-0.1544	1.0961	0.0005	0.0014	0.0018	0.0016	0.0005	Relu + tanh
-0.1544	1.0961	0.0005	0.0014	0.0018	0.0016	0.0005	Relu + tanh
-0.1536	1.0961	0.0005	0.0014	0.0018	0.0016	0.0005	Relu + tanh
-0.1536	1.1215	0.0005	0.0014	0.0018	0.0016	0.0005	Relu + tanh
-0.1536	1.1215	0.0005	0.0014	0.0018	0.0016	0.0005	Relu + tanh
-0.1536	1.1215	0.0005	0.0014	0.0018	0.0016	0.0005	Relu + tanh
-0.1536	1.1215	0.0005	0.0014	0.0018	0.0016	0.0005	Relu + tanh
-0.1536	1.1215	0.0005	0.0014	0.0018	0.0016	0.0005	Relu + tanh
-0.1536	1.1215	0.0005	0.0014	0.0018	0.0016	0.0005	Relu + tanh
-0.1536	1.1215	0.0005	0.0014	0.0018	0.0016	0.0005	Relu + tanh
-0.1528	1.1215	0.0005	0.0014	0.0018	0.0016	0.0005	Relu + tanh
-0.1528	1.1215	0.0005	0.0014	0.0018	0.0016	0.0005	Relu + tanh
-0.1528	1.1215	0.0005	0.0014	0.0018	0.0016	0.0005	Relu + tanh
-0.1528	1.1215	0.0005	0.0014	0.0018	0.0016	0.0005	Relu + tanh
-0.1528	1.1215	0.0005	0.0014	0.0019	0.0016	0.0005	Relu + tanh
-0.1528	1.1215	0.0005	0.0014	0.0019	0.0016	0.0005	Relu + tanh
-0.152	1.1215	0.0005	0.0014	0.0019	0.0016	0.0005	Relu + tanh
-0.152	1.1215	0.0005	0.0014	0.0019	0.0016	0.0005	Relu + tanh
-0.152	1.1215	0.0005	0.0014	0.0019	0.0016	0.0005	Relu + tanh
-0.152	1.1215	0.0005	0.0014	0.0019	0.0016	0.0005	Relu + tanh
-0.1504	1.1215	0.0005	0.0014	0.0019	0.0016	0.0005	Relu + tanh
-0.1504	1.1215	0.0005	0.0014	0.0019	0.0016	0.0005	Relu + tanh
-0.1496	1.1215	0.0005	0.0014	0.0019	0.0016	0.0005	Relu + tanh
-0.1496	1.1215	0.0005	0.0015	0.0019	0.0016	0.0005	Relu + tanh
-0.1496	1.1215	0.0005	0.0015	0.0019	0.0016	0.0005	Relu + tanh
-0.1496	1.1215	0.0005	0.0015	0.0019	0.0016	0.0005	Relu + tanh
-0.1496	1.1215	0.0005	0.0015	0.0019	0.0016	0.0005	Relu + tanh
-0.1496	1.1215	0.0005	0.0015	0.0019	0.0016	0.0005	Relu + tanh
-0.1488	1.1215	0.0005	0.0015	0.0019	0.0016	0.0005	Relu + tanh
-0.1488	1.1215	0.0005	0.0015	0.0019	0.0016	0.0005	Relu + tanh
-0.1488	1.1215	0.0005	0.0015	0.0019	0.0016	0.0005	Relu + tanh
-0.1488	1.1215	0.0005	0.0015	0.0019	0.0017	0.0005	Relu + tanh
-0.1488	1.1215	0.0005	0.0015	0.0019	0.0017	0.0005	Relu + tanh
-0.1488	1.1215	0.0005	0.0015	0.0019	0.0017	0.0005	Relu + tanh
-0.1488	1.1215	0.0005	0.0015	0.0019	0.0017	0.0005	Relu + tanh
-0.148	1.1215	0.0005	0.0015	0.0019	0.0017	0.0005	Relu + tanh
-0.148	1.1215	0.0005	0.0015	0.0019	0.0017	0.0005	Relu + tanh
-0.148	1.1215	0.0005	0.0015	0.0019	0.0017	0.0005	Relu + tanh
-0.148	1.1215	0.0006	0.0015	0.0019	0.0017	0.0006	Relu + tanh
-0.148	1.1215	0.0006	0.0015	0.0019	0.0017	0.0006	Relu + tanh
-0.148	1.1215	0.0006	0.0015	0.0019	0.0017	0.0006	Relu + tanh
-0.1472	1.1215	0.0006	0.0015	0.0019	0.0017	0.0006	Relu + tanh
-0.1472	1.1215	0.0006	0.0015	0.0019	0.0017	0.0006	Relu + tanh
-0.1472	1.1215	0.0006	0.0015	0.0019	0.0017	0.0006	Relu + tanh
-0.1472	1.1215	0.0006	0.0015	0.0019	0.0017	0.0006	Relu + tanh
-0.1472	1.1215	0.0006	0.0015	0.0019	0.0017	0.0006	Relu + tanh
-0.1472	1.1215	0.0006	0.0015	0.0019	0.0017	0.0006	Relu + tanh
-0.1472	1.1215	0.0006	0.0015	0.0019	0.0017	0.0006	Relu + tanh
-0.1464	1.1215	0.0006	0.0015	0.0019	0.0017	0.0006	Relu + tanh
-0.1464	1.1215	0.0006	0.0015	0.0019	0.0017	0.0006	Relu + tanh
-0.1464	1.1215	0.0006	0.0015	0.0019	0.0017	0.0006	Relu + tanh
-0.1464	1.1215	0.0006	0.0015	0.0019	0.0017	0.0006	Relu + tanh
-0.1464	1.1215	0.0006	0.0016	0.0019	0.0017	0.0006	Relu + tanh
-0.1456	1.1215	0.0006	0.0016	0.0019	0.0017	0.0006	Relu + tanh
-0.1456	1.1215	0.0006	0.0016	0.0019	0.0017	0.0006	Relu + tanh
-0.1456	1.1215	0.0006	0.0016	0.0019	0.0017	0.0006	Relu + tanh
-0.1456	1.1215	0.0006	0.0016	0.0019	0.0017	0.0006	Relu + tanh
-0.1456	1.1215	0.0006	0.0016	0.0019	0.0017	0.0006	Relu + tanh
-0.1448	1.1215	0.0006	0.0016	0.0019	0.0017	0.0006	Relu + tanh
-0.1448	1.1215	0.0006	0.0016	0.0019	0.0017	0.0006	Relu + tanh
-0.1448	1.1215	0.0006	0.0016	0.0019	0.0017	0.0006	Relu + tanh
-0.1448	1.1215	0.0006	0.0016	0.0019	0.0017	0.0006	Relu + tanh
-0.1448	1.1215	0.0006	0.0016	0.0019	0.0017	0.0006	Relu + tanh
-0.1448	1.1215	0.0006	0.0016	0.0019	0.0017	0.0006	Relu + tanh
-0.144	1.1215	0.0006	0.0016	0.0019	0.0017	0.0006	Relu + tanh
-0.144	1.1215	0.0006	0.0016	0.0019	0.0017	0.0006	Relu + tanh
-0.144	1.1215	0.0006	0.0016	0.0019	0.0017	0.0006	Relu + tanh
-0.1432	1.1215	0.0006	0.0016	0.002	0.0017	0.0006	Relu + tanh
-0.1432	1.1215	0.0006	0.0016	0.002	0.0017	0.0006	Relu + tanh
-0.1432	1.1215	0.0006	0.0016	0.002	0.0017	0.0006	Relu + tanh
-0.1432	1.1215	0.0006	0.0016	0.002	0.0018	0.0006	Relu + tanh
-0.1432	1.1215	0.0006	0.0016	0.002	0.0018	0.0006	Relu + tanh
-0.1416	1.1215	0.0006	0.0016	0.002	0.0018	0.0006	Relu + tanh
-0.1416	1.1215	0.0006	0.0016	0.002	0.0018	0.0006	Relu + tanh
-0.1416	1.1215	0.0006	0.0016	0.002	0.0018	0.0006	Relu + tanh
-0.1416	1.1215	0.0006	0.0016	0.002	0.0018	0.0006	Relu + tanh
-0.1416	1.1215	0.0006	0.0016	0.002	0.0018	0.0006	Relu + tanh
-0.1416	1.1215	0.0006	0.0016	0.002	0.0018	0.0006	Relu + tanh
-0.1416	1.1215	0.0006	0.0016	0.002	0.0018	0.0006	Relu + tanh
-0.1416	1.1215	0.0006	0.0016	0.002	0.0018	0.0006	Relu + tanh
-0.1416	1.1215	0.0006	0.0016	0.002	0.0018	0.0006	Relu + tanh
-0.1408	1.1215	0.0006	0.0016	0.002	0.0018	0.0006	Relu + tanh
-0.1408	1.1215	0.0006	0.0016	0.002	0.0018	0.0006	Relu + tanh
-0.1408	1.1215	0.0006	0.0016	0.002	0.0018	0.0006	Relu + tanh
-0.1408	1.1215	0.0006	0.0016	0.002	0.0018	0.0006	Relu + tanh
-0.1408	1.1215	0.0006	0.0016	0.002	0.0018	0.0006	Relu + tanh
-0.1408	1.1215	0.0006	0.0016	0.002	0.0018	0.0006	Relu + tanh
-0.1408	1.1215	0.0006	0.0016	0.002	0.0018	0.0006	Relu + tanh
-0.1408	1.1215	0.0006	0.0016	0.002	0.0018	0.0006	Relu + tanh
-0.1408	1.1215	0.0006	0.0016	0.002	0.0018	0.0006	Relu + tanh
-0.14	1.1215	0.0006	0.0016	0.002	0.0018	0.0006	Relu + tanh
-0.14	1.1215	0.0006	0.0016	0.002	0.0018	0.0006	Relu + tanh
-0.14	1.1215	0.0006	0.0016	0.002	0.0018	0.0006	Relu + tanh
-0.14	1.1215	0.0006	0.0016	0.002	0.0018	0.0006	Relu + tanh
-0.14	1.1215	0.0006	0.0016	0.002	0.0018	0.0006	Relu + tanh
-0.14	1.1215	0.0006	0.0016	0.002	0.0018	0.0006	Relu + tanh
-0.14	1.1215	0.0006	0.0016	0.002	0.0018	0.0006	Relu + tanh
-0.14	1.1215	0.0006	0.0016	0.002	0.0018	0.0006	Relu + tanh
-0.1392	1.1215	0.0006	0.0016	0.002	0.0018	0.0006	Relu + tanh
-0.1392	1.1215	0.0006	0.0016	0.002	0.0018	0.0006	Relu + tanh
-0.1392	1.1215	0.0006	0.0016	0.002	0.0019	0.0006	Relu + tanh
-0.1392	1.1215	0.0006	0.0016	0.002	0.0019	0.0006	Relu + tanh
-0.1392	1.1215	0.0006	0.0016	0.002	0.0019	0.0006	Relu + tanh
-0.1392	1.1215	0.0006	0.0016	0.002	0.0019	0.0006	Relu + tanh
-0.1392	1.1215	0.0006	0.0016	0.002	0.0019	0.0006	Relu + tanh
-0.1384	1.1215	0.0006	0.0016	0.002	0.0019	0.0006	Relu + tanh
-0.1384	1.1215	0.0006	0.0017	0.002	0.0019	0.0006	Relu + tanh
-0.1384	1.1215	0.0006	0.0017	0.002	0.0019	0.0006	Relu + tanh
-0.1384	1.1215	0.0006	0.0017	0.002	0.0019	0.0006	Relu + tanh
-0.1384	1.1215	0.0006	0.0017	0.002	0.0019	0.0006	Relu + tanh
-0.1384	1.1215	0.0006	0.0017	0.002	0.0019	0.0006	Relu + tanh
-0.1384	1.1215	0.0007	0.0017	0.002	0.0019	0.0007	Relu + tanh
-0.1384	1.1215	0.0007	0.0017	0.002	0.0019	0.0007	Relu + tanh
-0.1384	1.1215	0.0007	0.0017	0.002	0.0019	0.0007	Relu + tanh
-0.1376	1.1215	0.0007	0.0017	0.002	0.0019	0.0007	Relu + tanh
-0.1376	1.1215	0.0007	0.0017	0.002	0.0019	0.0007	Relu + tanh
-0.1376	1.1215	0.0007	0.0017	0.002	0.0019	0.0007	Relu + tanh
-0.1376	1.1215	0.0007	0.0017	0.002	0.0019	0.0007	Relu + tanh
-0.1376	1.1215	0.0007	0.0017	0.002	0.0019	0.0007	Relu + tanh
-0.1376	1.1215	0.0007	0.0017	0.002	0.0019	0.0007	Relu + tanh
-0.1376	1.1215	0.0007	0.0017	0.002	0.0019	0.0007	Relu + tanh
-0.1376	1.1215	0.0007	0.0017	0.002	0.0019	0.0007	Relu + tanh
-0.1376	1.1215	0.0007	0.0017	0.0021	0.0019	0.0007	Relu + tanh
-0.1368	1.1215	0.0007	0.0017	0.0021	0.0019	0.0007	Relu + tanh
-0.1368	1.1215	0.0007	0.0017	0.0021	0.0019	0.0007	Relu + tanh
-0.1368	1.1215	0.0007	0.0017	0.0021	0.0019	0.0007	Relu + tanh
-0.1368	1.1215	0.0007	0.0017	0.0021	0.0019	0.0007	Relu + tanh
-0.1368	1.1215	0.0007	0.0017	0.0021	0.0019	0.0007	Relu + tanh
-0.1368	1.1215	0.0007	0.0018	0.0021	0.0019	0.0007	Relu + tanh
-0.1368	1.1215	0.0007	0.0018	0.0021	0.0019	0.0007	Relu + tanh
-0.136	1.1215	0.0007	0.0018	0.0021	0.0019	0.0007	Relu + tanh
-0.136	1.1215	0.0007	0.0018	0.0021	0.0019	0.0007	Relu + tanh
-0.136	1.1215	0.0007	0.0018	0.0021	0.0019	0.0007	Relu + tanh
-0.136	1.1215	0.0007	0.0018	0.0021	0.0019	0.0007	Relu + tanh
-0.136	1.1215	0.0007	0.0018	0.0021	0.0019	0.0007	Relu + tanh
-0.136	1.1215	0.0007	0.0018	0.0021	0.0019	0.0007	Relu + tanh
-0.136	1.1215	0.0007	0.0018	0.0021	0.0019	0.0007	Relu + tanh
-0.136	1.1215	0.0007	0.0018	0.0021	0.0019	0.0007	Relu + tanh
-0.1352	1.1215	0.0007	0.0018	0.0021	0.0019	0.0007	Relu + tanh
-0.1352	1.1215	0.0007	0.0018	0.0021	0.0019	0.0007	Relu + tanh
-0.1352	1.1215	0.0007	0.0018	0.0021	0.0019	0.0007	Relu + tanh
-0.1352	1.1215	0.0007	0.0018	0.0021	0.002	0.0007	Relu + tanh
-0.1352	1.1215	0.0007	0.0018	0.0021	0.002	0.0007	Relu + tanh
-0.1352	1.1215	0.0007	0.0018	0.0021	0.002	0.0007	Relu + tanh
-0.1352	1.1215	0.0007	0.0018	0.0021	0.002	0.0007	Relu + tanh
-0.1352	1.1215	0.0007	0.0018	0.0021	0.002	0.0007	Relu + tanh
-0.1352	1.1215	0.0007	0.0018	0.0021	0.002	0.0007	Relu + tanh
-0.1344	1.1215	0.0007	0.0018	0.0021	0.002	0.0007	Relu + tanh
-0.1344	1.1215	0.0007	0.0018	0.0021	0.002	0.0007	Relu + tanh
-0.1344	1.1215	0.0007	0.0018	0.0021	0.002	0.0007	Relu + tanh
-0.1344	1.1215	0.0007	0.0018	0.0021	0.002	0.0007	Relu + tanh
-0.1344	1.1215	0.0007	0.0018	0.0021	0.002	0.0007	Relu + tanh
-0.1344	1.1215	0.0007	0.0018	0.0021	0.002	0.0007	Relu + tanh
-0.1336	1.1215	0.0007	0.0019	0.0021	0.002	0.0007	Relu + tanh
-0.1336	1.1215	0.0007	0.0019	0.0021	0.002	0.0007	Relu + tanh
-0.1336	1.1215	0.0007	0.0019	0.0021	0.002	0.0007	Relu + tanh
-0.1336	1.1215	0.0007	0.0019	0.0021	0.002	0.0007	Relu + tanh
-0.1336	1.1215	0.0007	0.0019	0.0021	0.002	0.0007	Relu + tanh
-0.1336	1.1215	0.0007	0.0019	0.0021	0.0021	0.0007	Relu + tanh
-0.1336	1.1215	0.0007	0.0019	0.0021	0.0021	0.0007	Relu + tanh
-0.1336	1.1215	0.0007	0.0019	0.0021	0.0021	0.0007	Relu + tanh
-0.1328	1.1215	0.0007	0.0019	0.0021	0.0021	0.0007	Relu + tanh
-0.1328	1.1215	0.0007	0.0019	0.0021	0.0021	0.0007	Relu + tanh
-0.1328	1.1215	0.0007	0.0019	0.0021	0.0021	0.0007	Relu + tanh
-0.1328	1.1215	0.0007	0.0019	0.0021	0.0021	0.0007	Relu + tanh
-0.1328	1.1215	0.0007	0.0019	0.0021	0.0021	0.0007	Relu + tanh
-0.1328	1.1215	0.0007	0.0019	0.0021	0.0021	0.0007	Relu + tanh
-0.1328	1.1215	0.0007	0.0019	0.0021	0.0021	0.0007	Relu + tanh
-0.1328	1.1215	0.0007	0.0019	0.0021	0.0021	0.0007	Relu + tanh
-0.1328	1.1215	0.0007	0.0019	0.0021	0.0021	0.0007	Relu + tanh
-0.1328	1.1215	0.0007	0.0019	0.0021	0.0021	0.0007	Relu + tanh
-0.132	1.1215	0.0007	0.0019	0.0021	0.0021	0.0007	Relu + tanh
-0.132	1.1215	0.0007	0.0019	0.0021	0.0021	0.0007	Relu + tanh
-0.132	1.1215	0.0007	0.0019	0.0021	0.0021	0.0007	Relu + tanh
-0.132	1.1215	0.0007	0.0019	0.0021	0.0021	0.0007	Relu + tanh
-0.132	1.1215	0.0007	0.0019	0.0021	0.0021	0.0007	Relu + tanh
-0.132	1.1215	0.0007	0.0019	0.0021	0.0021	0.0007	Relu + tanh
-0.132	1.1215	0.0007	0.0019	0.0021	0.0021	0.0007	Relu + tanh
-0.132	1.1215	0.0007	0.002	0.0021	0.0021	0.0007	Relu + tanh
-0.132	1.1215	0.0007	0.002	0.0021	0.0021	0.0007	Relu + tanh
-0.1312	1.1215	0.0007	0.002	0.0021	0.0021	0.0007	Relu + tanh
-0.1312	1.1215	0.0007	0.002	0.0021	0.0022	0.0007	Relu + tanh
-0.1312	1.1215	0.0007	0.002	0.0021	0.0022	0.0007	Relu + tanh
-0.1312	1.1215	0.0007	0.002	0.0021	0.0022	0.0007	Relu + tanh
-0.1312	1.1215	0.0007	0.002	0.0021	0.0022	0.0007	Relu + tanh
-0.1312	1.1215	0.0007	0.002	0.0021	0.0022	0.0007	Relu + tanh
-0.1312	1.1215	0.0007	0.002	0.0021	0.0022	0.0007	Relu + tanh
-0.1312	1.1215	0.0007	0.002	0.0021	0.0022	0.0007	Relu + tanh
-0.1312	1.1215	0.0007	0.002	0.0021	0.0022	0.0007	Relu + tanh
-0.1304	1.1215	0.0007	0.002	0.0021	0.0022	0.0007	Relu + tanh
-0.1304	1.1215	0.0007	0.002	0.0021	0.0022	0.0007	Relu + tanh
-0.1304	1.1215	0.0007	0.002	0.0021	0.0022	0.0007	Relu + tanh
-0.1304	1.1215	0.0007	0.002	0.0021	0.0022	0.0007	Relu + tanh
-0.1304	1.1215	0.0007	0.002	0.0021	0.0022	0.0007	Relu + tanh
-0.1296	1.1215	0.0007	0.002	0.0021	0.0022	0.0007	Relu + tanh
-0.1296	1.1215	0.0007	0.002	0.0021	0.0022	0.0007	Relu + tanh
-0.1296	1.1215	0.0007	0.002	0.0021	0.0022	0.0007	Relu + tanh
-0.1296	1.1215	0.0007	0.002	0.0021	0.0022	0.0007	Relu + tanh
-0.1296	1.1215	0.0007	0.002	0.0021	0.0022	0.0007	Relu + tanh
-0.1296	1.1215	0.0007	0.002	0.0021	0.0022	0.0007	Relu + tanh
-0.1296	1.1215	0.0007	0.002	0.0021	0.0022	0.0007	Relu + tanh
-0.1296	1.1215	0.0007	0.002	0.0022	0.0022	0.0007	Relu + tanh
-0.1296	1.1215	0.0007	0.002	0.0022	0.0022	0.0007	Relu + tanh
-0.1288	1.1215	0.0008	0.002	0.0022	0.0022	0.0008	Relu + tanh
-0.1288	1.1215	0.0008	0.0021	0.0022	0.0022	0.0008	Relu + tanh
-0.1288	1.1475	0.0008	0.0021	0.0022	0.0022	0.0008	Relu + tanh
-0.1288	1.1475	0.0008	0.0021	0.0022	0.0022	0.0008	Relu + tanh
-0.1288	1.1475	0.0008	0.0021	0.0022	0.0022	0.0008	Relu + tanh
-0.1288	1.1475	0.0008	0.0021	0.0022	0.0023	0.0008	Relu + tanh
-0.1288	1.1475	0.0008	0.0021	0.0022	0.0023	0.0008	Relu + tanh
-0.1288	1.1475	0.0008	0.0021	0.0022	0.0023	0.0008	Relu + tanh
-0.1288	1.1475	0.0008	0.0021	0.0022	0.0023	0.0008	Relu + tanh
-0.1288	1.1475	0.0008	0.0021	0.0022	0.0023	0.0008	Relu + tanh
-0.128	1.1475	0.0008	0.0021	0.0022	0.0023	0.0008	Relu + tanh
-0.128	1.1475	0.0008	0.0021	0.0022	0.0023	0.0008	Relu + tanh
-0.128	1.1475	0.0008	0.0021	0.0022	0.0023	0.0008	Relu + tanh
-0.128	1.1475	0.0008	0.0021	0.0022	0.0023	0.0008	Relu + tanh
-0.128	1.1475	0.0008	0.0021	0.0022	0.0023	0.0008	Relu + tanh
-0.128	1.1475	0.0008	0.0021	0.0022	0.0023	0.0008	Relu + tanh
-0.128	1.1475	0.0008	0.0021	0.0022	0.0023	0.0008	Relu + tanh
-0.1272	1.1475	0.0008	0.0021	0.0022	0.0023	0.0008	Relu + tanh
-0.1272	1.1475	0.0008	0.0021	0.0022	0.0023	0.0008	Relu + tanh
-0.1272	1.1475	0.0008	0.0021	0.0022	0.0023	0.0008	Relu + tanh
-0.1272	1.1475	0.0008	0.0021	0.0022	0.0023	0.0008	Relu + tanh
-0.1272	1.1475	0.0008	0.0021	0.0022	0.0023	0.0008	Relu + tanh
-0.1272	1.1475	0.0008	0.0021	0.0022	0.0023	0.0008	Relu + tanh
-0.1272	1.1475	0.0008	0.0021	0.0022	0.0023	0.0008	Relu + tanh
-0.1272	1.1475	0.0008	0.0021	0.0022	0.0023	0.0008	Relu + tanh
-0.1272	1.1475	0.0008	0.0022	0.0022	0.0023	0.0008	Relu + tanh
-0.1272	1.1475	0.0008	0.0022	0.0022	0.0023	0.0008	Relu + tanh
-0.1264	1.1475	0.0008	0.0022	0.0022	0.0023	0.0008	Relu + tanh
-0.1264	1.1475	0.0008	0.0022	0.0022	0.0023	0.0008	Relu + tanh
-0.1264	1.1475	0.0008	0.0022	0.0022	0.0023	0.0008	Relu + tanh
-0.1264	1.1475	0.0008	0.0022	0.0022	0.0023	0.0008	Relu + tanh
-0.1264	1.1475	0.0008	0.0022	0.0022	0.0023	0.0008	Relu + tanh
-0.1264	1.1475	0.0008	0.0022	0.0022	0.0024	0.0008	Relu + tanh
-0.1264	1.1475	0.0008	0.0022	0.0022	0.0024	0.0008	Relu + tanh
-0.1264	1.1475	0.0008	0.0022	0.0022	0.0024	0.0008	Relu + tanh
-0.1256	1.1475	0.0008	0.0022	0.0022	0.0024	0.0008	Relu + tanh
-0.1256	1.1475	0.0008	0.0022	0.0022	0.0024	0.0008	Relu + tanh
-0.1256	1.1475	0.0008	0.0022	0.0022	0.0024	0.0008	Relu + tanh
-0.1256	1.1475	0.0008	0.0022	0.0022	0.0024	0.0008	Relu + tanh
-0.1256	1.1475	0.0008	0.0022	0.0022	0.0024	0.0008	Relu + tanh
-0.1256	1.1475	0.0008	0.0022	0.0022	0.0024	0.0008	Relu + tanh
-0.1256	1.1475	0.0008	0.0022	0.0022	0.0024	0.0008	Relu + tanh
-0.1256	1.1475	0.0008	0.0022	0.0022	0.0024	0.0008	Relu + tanh
-0.1248	1.1475	0.0008	0.0022	0.0022	0.0024	0.0008	Relu + tanh
-0.1248	1.1475	0.0008	0.0022	0.0022	0.0024	0.0008	Relu + tanh
-0.1248	1.1475	0.0008	0.0022	0.0022	0.0024	0.0008	Relu + tanh
-0.1248	1.1475	0.0008	0.0022	0.0022	0.0024	0.0008	Relu + tanh
-0.1248	1.1475	0.0008	0.0022	0.0022	0.0024	0.0008	Relu + tanh
-0.1248	1.1475	0.0008	0.0022	0.0022	0.0024	0.0008	Relu + tanh
-0.1248	1.1475	0.0008	0.0022	0.0022	0.0024	0.0008	Relu + tanh
-0.1248	1.1475	0.0008	0.0022	0.0022	0.0024	0.0008	Relu + tanh
-0.1248	1.1475	0.0009	0.0023	0.0022	0.0024	0.0009	Relu + tanh
-0.124	1.1475	0.0009	0.0023	0.0022	0.0024	0.0009	Relu + tanh
-0.124	1.1475	0.0009	0.0023	0.0022	0.0024	0.0009	Relu + tanh
-0.124	1.1475	0.0009	0.0023	0.0022	0.0024	0.0009	Relu + tanh
-0.124	1.1475	0.0009	0.0023	0.0022	0.0024	0.0009	Relu + tanh
-0.124	1.1475	0.0009	0.0023	0.0022	0.0024	0.0009	Relu + tanh
-0.124	1.1475	0.0009	0.0023	0.0022	0.0024	0.0009	Relu + tanh
-0.124	1.1475	0.0009	0.0023	0.0022	0.0024	0.0009	Relu + tanh
-0.124	1.1475	0.0009	0.0023	0.0022	0.0024	0.0009	Relu + tanh
-0.124	1.1475	0.0009	0.0023	0.0022	0.0024	0.0009	Relu + tanh
-0.1232	1.1475	0.0009	0.0023	0.0022	0.0024	0.0009	Relu + tanh
-0.1232	1.1475	0.0009	0.0023	0.0022	0.0024	0.0009	Relu + tanh
-0.1232	1.1475	0.0009	0.0023	0.0023	0.0024	0.0009	Relu + tanh
-0.1232	1.1475	0.0009	0.0023	0.0023	0.0024	0.0009	Relu + tanh
-0.1232	1.1475	0.0009	0.0023	0.0023	0.0024	0.0009	Relu + tanh
-0.1232	1.1475	0.0009	0.0023	0.0023	0.0024	0.0009	Relu + tanh
-0.1232	1.1475	0.0009	0.0023	0.0023	0.0024	0.0009	Relu + tanh
-0.1224	1.1475	0.0009	0.0023	0.0023	0.0025	0.0009	Relu + tanh
-0.1224	1.1475	0.0009	0.0023	0.0023	0.0025	0.0009	Relu + tanh
-0.1224	1.1475	0.0009	0.0023	0.0023	0.0025	0.0009	Relu + tanh
-0.1224	1.1475	0.0009	0.0023	0.0023	0.0025	0.0009	Relu + tanh
-0.1224	1.1475	0.0009	0.0023	0.0023	0.0025	0.0009	Relu + tanh
-0.1224	1.1475	0.0009	0.0023	0.0023	0.0025	0.0009	Relu + tanh
-0.1224	1.1475	0.0009	0.0023	0.0023	0.0025	0.0009	Relu + tanh
-0.1224	1.1475	0.0009	0.0023	0.0023	0.0025	0.0009	Relu + tanh
-0.1224	1.1475	0.0009	0.0023	0.0023	0.0025	0.0009	Relu + tanh
-0.1224	1.1475	0.0009	0.0023	0.0023	0.0025	0.0009	Relu + tanh
-0.1216	1.1475	0.0009	0.0023	0.0023	0.0025	0.0009	Relu + tanh
-0.1216	1.1475	0.0009	0.0023	0.0023	0.0025	0.0009	Relu + tanh
-0.1216	1.1475	0.0009	0.0023	0.0023	0.0025	0.0009	Relu + tanh
-0.1216	1.1475	0.0009	0.0023	0.0023	0.0025	0.0009	Relu + tanh
-0.1216	1.1475	0.0009	0.0023	0.0023	0.0025	0.0009	Relu + tanh
-0.1216	1.1475	0.0009	0.0023	0.0023	0.0025	0.0009	Relu + tanh
-0.1216	1.1475	0.0009	0.0024	0.0023	0.0025	0.0009	Relu + tanh
-0.1216	1.1475	0.0009	0.0024	0.0023	0.0025	0.0009	Relu + tanh
-0.1208	1.1475	0.0009	0.0024	0.0023	0.0025	0.0009	Relu + tanh
-0.1208	1.1475	0.0009	0.0024	0.0023	0.0025	0.0009	Relu + tanh
-0.1208	1.1475	0.0009	0.0024	0.0023	0.0025	0.0009	Relu + tanh
-0.1208	1.1475	0.0009	0.0024	0.0023	0.0025	0.0009	Relu + tanh
-0.1208	1.1475	0.0009	0.0024	0.0023	0.0025	0.0009	Relu + tanh
-0.1208	1.1475	0.0009	0.0024	0.0023	0.0025	0.0009	Relu + tanh
-0.12	1.1475	0.0009	0.0024	0.0023	0.0025	0.0009	Relu + tanh
-0.12	1.1475	0.0009	0.0024	0.0023	0.0025	0.0009	Relu + tanh
-0.12	1.1475	0.0009	0.0024	0.0023	0.0025	0.0009	Relu + tanh
-0.12	1.1475	0.0009	0.0024	0.0023	0.0025	0.0009	Relu + tanh
-0.12	1.1475	0.0009	0.0024	0.0023	0.0025	0.0009	Relu + tanh
-0.12	1.1475	0.0009	0.0024	0.0023	0.0025	0.0009	Relu + tanh
-0.12	1.1475	0.0009	0.0024	0.0023	0.0025	0.0009	Relu + tanh
-0.12	1.1475	0.0009	0.0024	0.0023	0.0025	0.0009	Relu + tanh
-0.12	1.1475	0.0009	0.0024	0.0023	0.0025	0.0009	Relu + tanh
-0.1192	1.1475	0.0009	0.0024	0.0023	0.0025	0.0009	Relu + tanh
-0.1192	1.1475	0.0009	0.0024	0.0023	0.0025	0.0009	Relu + tanh
-0.1192	1.1475	0.0009	0.0024	0.0023	0.0025	0.0009	Relu + tanh
-0.1192	1.1475	0.0009	0.0024	0.0023	0.0026	0.0009	Relu + tanh
-0.1192	1.1475	0.0009	0.0024	0.0023	0.0026	0.0009	Relu + tanh
-0.1192	1.1475	0.0009	0.0024	0.0023	0.0026	0.0009	Relu + tanh
-0.1192	1.1475	0.0009	0.0024	0.0023	0.0026	0.0009	Relu + tanh
-0.1192	1.1475	0.0009	0.0024	0.0023	0.0026	0.0009	Relu + tanh
-0.1192	1.1475	0.001	0.0024	0.0023	0.0026	0.001	Relu + tanh
-0.1184	1.1475	0.001	0.0024	0.0023	0.0026	0.001	Relu + tanh
-0.1184	1.1475	0.001	0.0024	0.0023	0.0026	0.001	Relu + tanh
-0.1184	1.1475	0.001	0.0024	0.0023	0.0026	0.001	Relu + tanh
-0.1184	1.1475	0.001	0.0024	0.0023	0.0026	0.001	Relu + tanh
-0.1184	1.1475	0.001	0.0024	0.0024	0.0026	0.001	Relu + tanh
-0.1184	1.1475	0.001	0.0024	0.0024	0.0026	0.001	Relu + tanh
-0.1184	1.1475	0.001	0.0024	0.0024	0.0026	0.001	Relu + tanh
-0.1184	1.1475	0.001	0.0024	0.0024	0.0026	0.001	Relu + tanh
-0.1176	1.1475	0.001	0.0024	0.0024	0.0026	0.001	Relu + tanh
-0.1176	1.1475	0.001	0.0024	0.0024	0.0026	0.001	Relu + tanh
-0.1176	1.1475	0.001	0.0024	0.0024	0.0026	0.001	Relu + tanh
-0.1176	1.1475	0.001	0.0024	0.0024	0.0026	0.001	Relu + tanh
-0.1176	1.1475	0.001	0.0024	0.0024	0.0026	0.001	Relu + tanh
-0.1168	1.1475	0.001	0.0024	0.0024	0.0026	0.001	Relu + tanh
-0.1168	1.1475	0.001	0.0024	0.0024	0.0026	0.001	Relu + tanh
-0.1168	1.1475	0.001	0.0024	0.0024	0.0026	0.001	Relu + tanh
-0.1152	1.1475	0.001	0.0024	0.0024	0.0026	0.001	Relu + tanh
-0.1152	1.1475	0.001	0.0024	0.0024	0.0026	0.001	Relu + tanh
-0.1152	1.1475	0.001	0.0024	0.0024	0.0026	0.001	Relu + tanh
-0.1152	1.1475	0.001	0.0024	0.0024	0.0026	0.001	Relu + tanh
-0.1152	1.1475	0.001	0.0024	0.0024	0.0026	0.001	Relu + tanh
-0.1144	1.1475	0.001	0.0024	0.0024	0.0026	0.001	Relu + tanh
-0.1144	1.1475	0.001	0.0024	0.0024	0.0026	0.001	Relu + tanh
-0.1144	1.1475	0.001	0.0024	0.0024	0.0026	0.001	Relu + tanh
-0.1144	1.1475	0.001	0.0024	0.0024	0.0026	0.001	Relu + tanh
-0.1144	1.1475	0.001	0.0024	0.0024	0.0026	0.001	Relu + tanh
-0.1144	1.1475	0.001	0.0025	0.0024	0.0026	0.001	Relu + tanh
-0.1136	1.1475	0.001	0.0025	0.0024	0.0027	0.001	Relu + tanh
-0.1136	1.1475	0.001	0.0025	0.0024	0.0027	0.001	Relu + tanh
-0.1136	1.1475	0.001	0.0025	0.0024	0.0027	0.001	Relu + tanh
-0.1136	1.1475	0.001	0.0025	0.0024	0.0027	0.001	Relu + tanh
-0.1136	1.1475	0.001	0.0025	0.0024	0.0027	0.001	Relu + tanh
-0.1136	1.1475	0.001	0.0025	0.0024	0.0027	0.001	Relu + tanh
-0.1128	1.1475	0.001	0.0025	0.0024	0.0027	0.001	Relu + tanh
-0.1128	1.1475	0.001	0.0025	0.0024	0.0027	0.001	Relu + tanh
-0.1128	1.1475	0.001	0.0025	0.0024	0.0027	0.001	Relu + tanh
-0.1128	1.1475	0.001	0.0025	0.0024	0.0027	0.001	Relu + tanh
-0.1128	1.1475	0.001	0.0025	0.0024	0.0027	0.001	Relu + tanh
-0.1128	1.1475	0.001	0.0025	0.0024	0.0027	0.001	Relu + tanh
-0.1128	1.1475	0.001	0.0025	0.0024	0.0027	0.001	Relu + tanh
-0.112	1.1475	0.001	0.0025	0.0024	0.0027	0.001	Relu + tanh
-0.112	1.1475	0.001	0.0025	0.0024	0.0027	0.001	Relu + tanh
-0.112	1.1475	0.001	0.0025	0.0024	0.0027	0.001	Relu + tanh
-0.112	1.1475	0.001	0.0025	0.0025	0.0027	0.001	Relu + tanh
-0.112	1.1475	0.001	0.0025	0.0025	0.0027	0.001	Relu + tanh
-0.112	1.1475	0.001	0.0025	0.0025	0.0027	0.001	Relu + tanh
-0.112	1.1475	0.001	0.0025	0.0025	0.0027	0.001	Relu + tanh
-0.112	1.1475	0.001	0.0025	0.0025	0.0027	0.001	Relu + tanh
-0.1112	1.1475	0.001	0.0025	0.0025	0.0027	0.001	Relu + tanh
-0.1112	1.1475	0.001	0.0025	0.0025	0.0027	0.001	Relu + tanh
-0.1112	1.1475	0.001	0.0025	0.0025	0.0027	0.001	Relu + tanh
-0.1112	1.1475	0.001	0.0025	0.0025	0.0027	0.001	Relu + tanh
-0.1112	1.1475	0.0011	0.0025	0.0025	0.0027	0.0011	Relu + tanh
-0.1112	1.1475	0.0011	0.0025	0.0025	0.0027	0.0011	Relu + tanh
-0.1112	1.1475	0.0011	0.0025	0.0025	0.0027	0.0011	Relu + tanh
-0.1104	1.1475	0.0011	0.0025	0.0025	0.0028	0.0011	Relu + tanh
-0.1104	1.1475	0.0011	0.0025	0.0025	0.0028	0.0011	Relu + tanh
-0.1104	1.1475	0.0011	0.0025	0.0025	0.0028	0.0011	Relu + tanh
-0.1104	1.1475	0.0011	0.0025	0.0025	0.0028	0.0011	Relu + tanh
-0.1104	1.1475	0.0011	0.0025	0.0025	0.0028	0.0011	Relu + tanh
-0.1104	1.1475	0.0011	0.0025	0.0025	0.0028	0.0011	Relu + tanh
-0.1104	1.1475	0.0011	0.0025	0.0025	0.0028	0.0011	Relu + tanh
-0.1096	1.1475	0.0011	0.0025	0.0025	0.0028	0.0011	Relu + tanh
-0.1096	1.1475	0.0011	0.0025	0.0025	0.0028	0.0011	Relu + tanh
-0.1096	1.1475	0.0011	0.0025	0.0025	0.0028	0.0011	Relu + tanh
-0.1088	1.1475	0.0011	0.0025	0.0025	0.0028	0.0011	Relu + tanh
-0.1088	1.1475	0.0011	0.0025	0.0025	0.0028	0.0011	Relu + tanh
-0.1088	1.1475	0.0011	0.0025	0.0025	0.0028	0.0011	Relu + tanh
-0.1088	1.1475	0.0011	0.0025	0.0025	0.0028	0.0011	Relu + tanh
-0.1088	1.1475	0.0011	0.0025	0.0025	0.0028	0.0011	Relu + tanh
-0.1088	1.1475	0.0011	0.0025	0.0025	0.0028	0.0011	Relu + tanh
-0.1088	1.1475	0.0011	0.0025	0.0025	0.0028	0.0011	Relu + tanh
-0.108	1.1475	0.0011	0.0025	0.0025	0.0028	0.0011	Relu + tanh
-0.108	1.1475	0.0011	0.0025	0.0025	0.0028	0.0011	Relu + tanh
-0.108	1.1475	0.0011	0.0025	0.0026	0.0028	0.0011	Relu + tanh
-0.108	1.1475	0.0011	0.0025	0.0026	0.0028	0.0011	Relu + tanh
-0.108	1.1475	0.0011	0.0025	0.0026	0.0028	0.0011	Relu + tanh
-0.108	1.1475	0.0011	0.0025	0.0026	0.0028	0.0011	Relu + tanh
-0.108	1.1475	0.0011	0.0025	0.0026	0.0029	0.0011	Relu + tanh
-0.1072	1.1475	0.0011	0.0025	0.0026	0.0029	0.0011	Relu + tanh
-0.1072	1.1475	0.0011	0.0025	0.0026	0.0029	0.0011	Relu + tanh
-0.1072	1.1475	0.0011	0.0025	0.0026	0.0029	0.0011	Relu + tanh
-0.1072	1.1475	0.0011	0.0025	0.0026	0.0029	0.0011	Relu + tanh
-0.1072	1.1475	0.0011	0.0025	0.0026	0.0029	0.0011	Relu + tanh
-0.1064	1.1475	0.0011	0.0025	0.0026	0.0029	0.0011	Relu + tanh
-0.1064	1.1741	0.0011	0.0025	0.0026	0.0029	0.0011	Relu + tanh
-0.1064	1.1741	0.0011	0.0026	0.0026	0.0029	0.0011	Relu + tanh
-0.1064	1.1741	0.0011	0.0026	0.0026	0.0029	0.0011	Relu + tanh
-0.1064	1.1741	0.0011	0.0026	0.0026	0.0029	0.0011	Relu + tanh
-0.1064	1.1741	0.0011	0.0026	0.0026	0.0029	0.0011	Relu + tanh
-0.1064	1.1741	0.0011	0.0026	0.0026	0.0029	0.0011	Relu + tanh
-0.1064	1.1741	0.0011	0.0026	0.0026	0.0029	0.0011	Relu + tanh
-0.1056	1.1741	0.0011	0.0026	0.0026	0.0029	0.0011	Relu + tanh
-0.1056	1.1741	0.0011	0.0026	0.0026	0.0029	0.0011	Relu + tanh
-0.1056	1.1741	0.0011	0.0026	0.0026	0.0029	0.0011	Relu + tanh
-0.1056	1.1741	0.0011	0.0026	0.0026	0.0029	0.0011	Relu + tanh
-0.1056	1.1741	0.0011	0.0026	0.0026	0.0029	0.0011	Relu + tanh
-0.1056	1.1741	0.0011	0.0026	0.0026	0.0029	0.0011	Relu + tanh
-0.1048	1.1741	0.0011	0.0026	0.0026	0.0029	0.0011	Relu + tanh
-0.1048	1.1741	0.0011	0.0026	0.0026	0.003	0.0011	Relu + tanh
-0.1048	1.1741	0.0011	0.0026	0.0026	0.003	0.0011	Relu + tanh
-0.1048	1.1741	0.0011	0.0026	0.0026	0.003	0.0011	Relu + tanh
-0.104	1.1741	0.0011	0.0026	0.0026	0.003	0.0011	Relu + tanh
-0.104	1.1741	0.0012	0.0026	0.0026	0.003	0.0012	Relu + tanh
-0.104	1.1741	0.0012	0.0026	0.0026	0.003	0.0012	Relu + tanh
-0.104	1.1741	0.0012	0.0026	0.0026	0.003	0.0012	Relu + tanh
-0.104	1.1741	0.0012	0.0026	0.0026	0.003	0.0012	Relu + tanh
-0.1032	1.1741	0.0012	0.0026	0.0026	0.003	0.0012	Relu + tanh
-0.1032	1.1741	0.0012	0.0026	0.0026	0.003	0.0012	Relu + tanh
-0.1032	1.1741	0.0012	0.0026	0.0026	0.0031	0.0012	Relu + tanh
-0.1032	1.1741	0.0012	0.0026	0.0026	0.0031	0.0012	Relu + tanh
-0.1032	1.1741	0.0012	0.0026	0.0026	0.0031	0.0012	Relu + tanh
-0.1032	1.1741	0.0012	0.0026	0.0026	0.0031	0.0012	Relu + tanh
-0.1024	1.1741	0.0012	0.0026	0.0026	0.0031	0.0012	Relu + tanh
-0.1024	1.1741	0.0012	0.0026	0.0027	0.0031	0.0012	Relu + tanh
-0.1024	1.1741	0.0012	0.0026	0.0027	0.0031	0.0012	Relu + tanh
-0.1024	1.1741	0.0012	0.0026	0.0027	0.0031	0.0012	Relu + tanh
-0.1024	1.1741	0.0012	0.0026	0.0027	0.0031	0.0012	Relu + tanh
-0.1016	1.1741	0.0012	0.0026	0.0027	0.0031	0.0012	Relu + tanh
-0.1016	1.1741	0.0012	0.0026	0.0027	0.0031	0.0012	Relu + tanh
-0.1016	1.1741	0.0012	0.0026	0.0027	0.0031	0.0012	Relu + tanh
-0.1016	1.1741	0.0012	0.0026	0.0027	0.0031	0.0012	Relu + tanh
-0.1016	1.1741	0.0012	0.0026	0.0027	0.0031	0.0012	Relu + tanh
-0.1016	1.1741	0.0012	0.0026	0.0027	0.0031	0.0012	Relu + tanh
-0.1016	1.1741	0.0012	0.0027	0.0027	0.0032	0.0012	Relu + tanh
-0.1008	1.1741	0.0012	0.0027	0.0027	0.0032	0.0012	Relu + tanh
-0.1008	1.1741	0.0012	0.0027	0.0027	0.0032	0.0012	Relu + tanh
-0.1008	1.1741	0.0012	0.0027	0.0027	0.0032	0.0012	Relu + tanh
-0.1008	1.1741	0.0012	0.0027	0.0027	0.0032	0.0012	Relu + tanh
-0.1008	1.1741	0.0012	0.0027	0.0027	0.0032	0.0012	Relu + tanh
-0.1008	1.1741	0.0012	0.0027	0.0027	0.0032	0.0012	Relu + tanh
-0.1	1.1741	0.0012	0.0027	0.0027	0.0032	0.0012	Relu + tanh
-0.1	1.1741	0.0012	0.0027	0.0027	0.0032	0.0012	Relu + tanh
-0.1	1.1741	0.0012	0.0027	0.0027	0.0032	0.0012	Relu + tanh
-0.1	1.1741	0.0012	0.0027	0.0027	0.0032	0.0012	Relu + tanh
-0.1	1.1741	0.0012	0.0027	0.0027	0.0033	0.0012	Relu + tanh
-0.1	1.1741	0.0012	0.0027	0.0027	0.0033	0.0012	Relu + tanh
-0.0992	1.1741	0.0012	0.0027	0.0027	0.0033	0.0012	Relu + tanh
-0.0992	1.1741	0.0012	0.0027	0.0027	0.0033	0.0012	Relu + tanh
-0.0992	1.1741	0.0012	0.0027	0.0027	0.0033	0.0012	Relu + tanh
-0.0992	1.1741	0.0012	0.0027	0.0027	0.0033	0.0012	Relu + tanh
-0.0992	1.1741	0.0012	0.0027	0.0027	0.0033	0.0012	Relu + tanh
-0.0992	1.1741	0.0012	0.0027	0.0027	0.0033	0.0012	Relu + tanh
-0.0992	1.1741	0.0012	0.0027	0.0027	0.0033	0.0012	Relu + tanh
-0.0984	1.1741	0.0013	0.0027	0.0027	0.0033	0.0013	Relu + tanh
-0.0984	1.1741	0.0013	0.0027	0.0027	0.0033	0.0013	Relu + tanh
-0.0984	1.1741	0.0013	0.0027	0.0027	0.0033	0.0013	Relu + tanh
-0.0984	1.1741	0.0013	0.0027	0.0027	0.0033	0.0013	Relu + tanh
-0.0984	1.1741	0.0013	0.0027	0.0027	0.0033	0.0013	Relu + tanh
-0.0984	1.1741	0.0013	0.0027	0.0027	0.0033	0.0013	Relu + tanh
-0.0976	1.1741	0.0013	0.0027	0.0027	0.0034	0.0013	Relu + tanh
-0.0976	1.1741	0.0013	0.0027	0.0027	0.0034	0.0013	Relu + tanh
-0.0976	1.1741	0.0013	0.0027	0.0027	0.0034	0.0013	Relu + tanh
-0.0976	1.1741	0.0013	0.0027	0.0027	0.0034	0.0013	Relu + tanh
-0.0976	1.1741	0.0013	0.0027	0.0027	0.0034	0.0013	Relu + tanh
-0.0976	1.1741	0.0013	0.0027	0.0027	0.0034	0.0013	Relu + tanh
-0.0968	1.1741	0.0013	0.0027	0.0027	0.0034	0.0013	Relu + tanh
-0.096	1.1741	0.0013	0.0027	0.0027	0.0034	0.0013	Relu + tanh
-0.096	1.1741	0.0013	0.0027	0.0027	0.0034	0.0013	Relu + tanh
-0.096	1.1741	0.0013	0.0027	0.0027	0.0034	0.0013	Relu + tanh
-0.096	1.1741	0.0013	0.0027	0.0028	0.0034	0.0013	Relu + tanh
-0.096	1.1741	0.0013	0.0027	0.0028	0.0034	0.0013	Relu + tanh
-0.096	1.1741	0.0013	0.0027	0.0028	0.0034	0.0013	Relu + tanh
-0.096	1.1741	0.0013	0.0027	0.0028	0.0034	0.0013	Relu + tanh
-0.0952	1.1741	0.0013	0.0027	0.0028	0.0034	0.0013	Relu + tanh
-0.0952	1.1741	0.0013	0.0027	0.0028	0.0034	0.0013	Relu + tanh
-0.0952	1.1741	0.0013	0.0027	0.0028	0.0034	0.0013	Relu + tanh
-0.0952	1.1741	0.0013	0.0027	0.0028	0.0034	0.0013	Relu + tanh
-0.0952	1.1741	0.0013	0.0028	0.0028	0.0035	0.0013	Relu + tanh
-0.0952	1.1741	0.0013	0.0028	0.0028	0.0035	0.0013	Relu + tanh
-0.0952	1.1741	0.0013	0.0028	0.0028	0.0035	0.0013	Relu + tanh
-0.0944	1.1741	0.0013	0.0028	0.0028	0.0035	0.0013	Relu + tanh
-0.0944	1.1741	0.0013	0.0028	0.0028	0.0035	0.0013	Relu + tanh
-0.0944	1.1741	0.0013	0.0028	0.0028	0.0035	0.0013	Relu + tanh
-0.0936	1.1741	0.0013	0.0028	0.0028	0.0035	0.0013	Relu + tanh
-0.0936	1.1741	0.0013	0.0028	0.0028	0.0035	0.0013	Relu + tanh
-0.0936	1.1741	0.0013	0.0028	0.0028	0.0035	0.0013	Relu + tanh
-0.0936	1.1741	0.0013	0.0028	0.0028	0.0035	0.0013	Relu + tanh
-0.0936	1.1741	0.0013	0.0028	0.0028	0.0035	0.0013	Relu + tanh
-0.0936	1.1741	0.0013	0.0028	0.0028	0.0035	0.0013	Relu + tanh
-0.0936	1.1741	0.0013	0.0028	0.0028	0.0035	0.0013	Relu + tanh
-0.0936	1.1741	0.0013	0.0028	0.0028	0.0035	0.0013	Relu + tanh
-0.0928	1.1741	0.0013	0.0028	0.0028	0.0035	0.0013	Relu + tanh
-0.0928	1.1741	0.0013	0.0028	0.0028	0.0035	0.0013	Relu + tanh
-0.0928	1.1741	0.0013	0.0028	0.0028	0.0035	0.0013	Relu + tanh
-0.0928	1.1741	0.0013	0.0028	0.0028	0.0035	0.0013	Relu + tanh
-0.0928	1.1741	0.0013	0.0028	0.0028	0.0035	0.0013	Relu + tanh
-0.0928	1.1741	0.0013	0.0028	0.0028	0.0036	0.0013	Relu + tanh
-0.092	1.1741	0.0014	0.0028	0.0028	0.0036	0.0014	Relu + tanh
-0.092	1.1741	0.0014	0.0028	0.0028	0.0036	0.0014	Relu + tanh
-0.092	1.1741	0.0014	0.0028	0.0028	0.0036	0.0014	Relu + tanh
-0.092	1.1741	0.0014	0.0028	0.0028	0.0036	0.0014	Relu + tanh
-0.092	1.1741	0.0014	0.0028	0.0028	0.0036	0.0014	Relu + tanh
-0.092	1.1741	0.0014	0.0028	0.0028	0.0036	0.0014	Relu + tanh
-0.092	1.1741	0.0014	0.0028	0.0028	0.0036	0.0014	Relu + tanh
-0.0912	1.1741	0.0014	0.0028	0.0028	0.0036	0.0014	Relu + tanh
-0.0912	1.1741	0.0014	0.0028	0.0028	0.0036	0.0014	Relu + tanh
-0.0912	1.1741	0.0014	0.0028	0.0028	0.0036	0.0014	Relu + tanh
-0.0912	1.1741	0.0014	0.0028	0.0028	0.0036	0.0014	Relu + tanh
-0.0912	1.1741	0.0014	0.0028	0.0028	0.0036	0.0014	Relu + tanh
-0.0912	1.1741	0.0014	0.0029	0.0028	0.0036	0.0014	Relu + tanh
-0.0904	1.1741	0.0014	0.0029	0.0028	0.0036	0.0014	Relu + tanh
-0.0904	1.1741	0.0014	0.0029	0.0028	0.0036	0.0014	Relu + tanh
-0.0904	1.1741	0.0014	0.0029	0.0028	0.0036	0.0014	Relu + tanh
-0.0904	1.1741	0.0014	0.0029	0.0028	0.0037	0.0014	Relu + tanh
-0.0904	1.1741	0.0014	0.0029	0.0028	0.0037	0.0014	Relu + tanh
-0.0896	1.1741	0.0014	0.0029	0.0028	0.0037	0.0014	Relu + tanh
-0.0896	1.1741	0.0014	0.0029	0.0028	0.0037	0.0014	Relu + tanh
-0.0896	1.1741	0.0014	0.0029	0.0028	0.0037	0.0014	Relu + tanh
-0.0896	1.1741	0.0014	0.0029	0.0029	0.0037	0.0014	Relu + tanh
-0.0896	1.1741	0.0014	0.0029	0.0029	0.0037	0.0014	Relu + tanh
-0.0888	1.1741	0.0014	0.0029	0.0029	0.0037	0.0014	Relu + tanh
-0.0888	1.1741	0.0014	0.0029	0.0029	0.0037	0.0014	Relu + tanh
-0.0888	1.1741	0.0014	0.0029	0.0029	0.0037	0.0014	Relu + tanh
-0.0888	1.1741	0.0014	0.0029	0.0029	0.0037	0.0014	Relu + tanh
-0.088	1.1741	0.0014	0.0029	0.0029	0.0037	0.0014	Relu + tanh
-0.0872	1.1741	0.0014	0.0029	0.0029	0.0037	0.0014	Relu + tanh
-0.0872	1.1741	0.0014	0.003	0.0029	0.0037	0.0014	Relu + tanh
-0.0872	1.1741	0.0014	0.003	0.0029	0.0037	0.0014	Relu + tanh
-0.0872	1.1741	0.0014	0.003	0.0029	0.0037	0.0014	Relu + tanh
-0.0864	1.1741	0.0014	0.003	0.0029	0.0037	0.0014	Relu + tanh
-0.0864	1.1741	0.0015	0.003	0.0029	0.0037	0.0015	Relu + tanh
-0.0864	1.1741	0.0015	0.003	0.0029	0.0037	0.0015	Relu + tanh
-0.0856	1.1741	0.0015	0.003	0.0029	0.0037	0.0015	Relu + tanh
-0.0848	1.1741	0.0015	0.003	0.0029	0.0038	0.0015	Relu + tanh
-0.0848	1.1741	0.0015	0.003	0.0029	0.0038	0.0015	Relu + tanh
-0.0848	1.1741	0.0015	0.003	0.003	0.0038	0.0015	Relu + tanh
-0.0848	1.1741	0.0015	0.003	0.003	0.0038	0.0015	Relu + tanh
-0.0848	1.1741	0.0015	0.003	0.003	0.0038	0.0015	Relu + tanh
-0.0848	1.1741	0.0015	0.003	0.003	0.0038	0.0015	Relu + tanh
-0.084	1.1741	0.0015	0.003	0.003	0.0038	0.0015	Relu + tanh
-0.084	1.1741	0.0015	0.003	0.003	0.0038	0.0015	Relu + tanh
-0.084	1.1741	0.0015	0.003	0.003	0.0038	0.0015	Relu + tanh
-0.084	1.1741	0.0015	0.0031	0.003	0.0038	0.0015	Relu + tanh
-0.084	1.1741	0.0015	0.0031	0.003	0.0038	0.0015	Relu + tanh
-0.0824	1.1741	0.0015	0.0031	0.003	0.0038	0.0015	Relu + tanh
-0.0816	1.1741	0.0015	0.0031	0.003	0.0038	0.0015	Relu + tanh
-0.0816	1.1741	0.0015	0.0031	0.003	0.0038	0.0015	Relu + tanh
-0.0816	1.1741	0.0015	0.0031	0.003	0.0038	0.0015	Relu + tanh
-0.0816	1.1741	0.0015	0.0031	0.003	0.0038	0.0015	Relu + tanh
-0.0816	1.1741	0.0015	0.0031	0.003	0.0038	0.0015	Relu + tanh
-0.0816	1.1741	0.0015	0.0031	0.003	0.0038	0.0015	Relu + tanh
-0.0816	1.1741	0.0015	0.0031	0.003	0.0038	0.0015	Relu + tanh
-0.0816	1.1741	0.0015	0.0031	0.003	0.0039	0.0015	Relu + tanh
-0.0816	1.1741	0.0015	0.0031	0.003	0.0039	0.0015	Relu + tanh
-0.0816	1.1741	0.0016	0.0031	0.003	0.0039	0.0016	Relu + tanh
-0.0808	1.1741	0.0016	0.0031	0.003	0.0039	0.0016	Relu + tanh
-0.0808	1.1741	0.0016	0.0031	0.003	0.0039	0.0016	Relu + tanh
-0.0808	1.1741	0.0016	0.0031	0.003	0.0039	0.0016	Relu + tanh
-0.0808	1.1741	0.0016	0.0031	0.0031	0.0039	0.0016	Relu + tanh
-0.0808	1.1741	0.0016	0.0032	0.0031	0.0039	0.0016	Relu + tanh
-0.0808	1.1741	0.0016	0.0032	0.0031	0.0039	0.0016	Relu + tanh
-0.0808	1.1741	0.0016	0.0032	0.0031	0.0039	0.0016	Relu + tanh
-0.0808	1.1741	0.0016	0.0032	0.0031	0.0039	0.0016	Relu + tanh
-0.08	1.1741	0.0016	0.0032	0.0031	0.0039	0.0016	Relu + tanh
-0.08	1.1741	0.0016	0.0032	0.0031	0.0039	0.0016	Relu + tanh
-0.08	1.1741	0.0016	0.0032	0.0031	0.0039	0.0016	Relu + tanh
-0.08	1.1741	0.0016	0.0032	0.0031	0.0039	0.0016	Relu + tanh
-0.08	1.1741	0.0016	0.0032	0.0031	0.0039	0.0016	Relu + tanh
-0.08	1.1741	0.0016	0.0032	0.0031	0.0039	0.0016	Relu + tanh
-0.08	1.1741	0.0016	0.0032	0.0031	0.0039	0.0016	Relu + tanh
-0.0792	1.1741	0.0016	0.0032	0.0031	0.004	0.0016	Relu + tanh
-0.0792	1.2014	0.0016	0.0032	0.0031	0.004	0.0016	Relu + tanh
-0.0792	1.2014	0.0016	0.0032	0.0031	0.004	0.0016	Relu + tanh
-0.0792	1.2014	0.0016	0.0032	0.0031	0.004	0.0016	Relu + tanh
-0.0792	1.2014	0.0016	0.0032	0.0031	0.004	0.0016	Relu + tanh
-0.0792	1.2014	0.0017	0.0032	0.0031	0.004	0.0017	Relu + tanh
-0.0792	1.2014	0.0017	0.0032	0.0031	0.004	0.0017	Relu + tanh
-0.0792	1.2014	0.0017	0.0032	0.0032	0.004	0.0017	Relu + tanh
-0.0792	1.2014	0.0017	0.0032	0.0032	0.004	0.0017	Relu + tanh
-0.0784	1.2014	0.0017	0.0033	0.0032	0.004	0.0017	Relu + tanh
-0.0784	1.2014	0.0017	0.0033	0.0032	0.004	0.0017	Relu + tanh
-0.0784	1.2014	0.0017	0.0033	0.0032	0.004	0.0017	Relu + tanh
-0.0784	1.2014	0.0017	0.0033	0.0032	0.004	0.0017	Relu + tanh
-0.0784	1.2014	0.0017	0.0033	0.0032	0.004	0.0017	Relu + tanh
-0.0784	1.2014	0.0017	0.0033	0.0032	0.004	0.0017	Relu + tanh
-0.0784	1.2014	0.0017	0.0033	0.0032	0.004	0.0017	Relu + tanh
-0.0784	1.2014	0.0017	0.0033	0.0032	0.004	0.0017	Relu + tanh
-0.0776	1.2014	0.0017	0.0033	0.0032	0.004	0.0017	Relu + tanh
-0.0776	1.2014	0.0017	0.0033	0.0032	0.004	0.0017	Relu + tanh
-0.0776	1.2014	0.0017	0.0033	0.0032	0.004	0.0017	Relu + tanh
-0.0776	1.2014	0.0017	0.0033	0.0032	0.004	0.0017	Relu + tanh
-0.0776	1.2014	0.0017	0.0033	0.0032	0.004	0.0017	Relu + tanh
-0.0776	1.2014	0.0017	0.0033	0.0032	0.0041	0.0017	Relu + tanh
-0.0776	1.2014	0.0017	0.0033	0.0032	0.0041	0.0017	Relu + tanh
-0.0776	1.2014	0.0017	0.0033	0.0032	0.0041	0.0017	Relu + tanh
-0.0768	1.2014	0.0017	0.0033	0.0032	0.0041	0.0017	Relu + tanh
-0.0768	1.2014	0.0017	0.0033	0.0033	0.0041	0.0017	Relu + tanh
-0.0768	1.2014	0.0017	0.0033	0.0033	0.0041	0.0017	Relu + tanh
-0.0768	1.2014	0.0018	0.0033	0.0033	0.0041	0.0018	Relu + tanh
-0.0768	1.2014	0.0018	0.0033	0.0033	0.0041	0.0018	Relu + tanh
-0.0768	1.2014	0.0018	0.0034	0.0033	0.0041	0.0018	Relu + tanh
-0.0768	1.2014	0.0018	0.0034	0.0033	0.0041	0.0018	Relu + tanh
-0.0768	1.2014	0.0018	0.0034	0.0033	0.0041	0.0018	Relu + tanh
-0.076	1.2014	0.0018	0.0034	0.0033	0.0041	0.0018	Relu + tanh
-0.076	1.2014	0.0018	0.0034	0.0033	0.0041	0.0018	Relu + tanh
-0.076	1.2014	0.0018	0.0034	0.0033	0.0041	0.0018	Relu + tanh
-0.076	1.2014	0.0018	0.0034	0.0033	0.0041	0.0018	Relu + tanh
-0.076	1.2014	0.0018	0.0034	0.0033	0.0041	0.0018	Relu + tanh
-0.076	1.2014	0.0018	0.0034	0.0033	0.0041	0.0018	Relu + tanh
-0.0752	1.2014	0.0018	0.0034	0.0033	0.0041	0.0018	Relu + tanh
-0.0752	1.2014	0.0018	0.0034	0.0033	0.0041	0.0018	Relu + tanh
-0.0752	1.2014	0.0019	0.0034	0.0033	0.0041	0.0019	Relu + tanh
-0.0752	1.2014	0.0019	0.0034	0.0033	0.0042	0.0019	Relu + tanh
-0.0752	1.2014	0.0019	0.0034	0.0033	0.0042	0.0019	Relu + tanh
-0.0752	1.2014	0.0019	0.0034	0.0033	0.0042	0.0019	Relu + tanh
-0.0752	1.2014	0.0019	0.0034	0.0033	0.0042	0.0019	Relu + tanh
-0.0744	1.2014	0.0019	0.0034	0.0033	0.0042	0.0019	Relu + tanh
-0.0744	1.2014	0.0019	0.0034	0.0034	0.0042	0.0019	Relu + tanh
-0.0744	1.2014	0.0019	0.0034	0.0034	0.0042	0.0019	Relu + tanh
-0.0744	1.2014	0.0019	0.0034	0.0034	0.0042	0.0019	Relu + tanh
-0.0744	1.2014	0.0019	0.0035	0.0034	0.0042	0.0019	Relu + tanh
-0.0744	1.2014	0.0019	0.0035	0.0034	0.0042	0.0019	Relu + tanh
-0.0744	1.2014	0.0019	0.0035	0.0034	0.0042	0.0019	Relu + tanh
-0.0744	1.2014	0.0019	0.0035	0.0034	0.0042	0.0019	Relu + tanh
-0.0744	1.2014	0.0019	0.0035	0.0034	0.0042	0.0019	Relu + tanh
-0.0736	1.2014	0.0019	0.0035	0.0034	0.0042	0.0019	Relu + tanh
-0.0736	1.2014	0.0019	0.0035	0.0034	0.0042	0.0019	Relu + tanh
-0.0736	1.2014	0.0019	0.0035	0.0034	0.0042	0.0019	Relu + tanh
-0.0736	1.2014	0.0019	0.0035	0.0034	0.0042	0.0019	Relu + tanh
-0.0736	1.2014	0.0019	0.0035	0.0034	0.0042	0.0019	Relu + tanh
-0.0736	1.2014	0.0019	0.0035	0.0034	0.0042	0.0019	Relu + tanh
-0.0736	1.2014	0.0019	0.0035	0.0034	0.0042	0.0019	Relu + tanh
-0.0728	1.2014	0.0019	0.0035	0.0034	0.0042	0.0019	Relu + tanh
-0.0728	1.2014	0.0019	0.0035	0.0034	0.0042	0.0019	Relu + tanh
-0.0728	1.2014	0.002	0.0035	0.0034	0.0042	0.002	Relu + tanh
-0.0728	1.2014	0.002	0.0035	0.0034	0.0043	0.002	Relu + tanh
-0.0728	1.2014	0.002	0.0035	0.0034	0.0043	0.002	Relu + tanh
-0.0728	1.2014	0.002	0.0035	0.0034	0.0043	0.002	Relu + tanh
-0.0728	1.2014	0.002	0.0035	0.0034	0.0043	0.002	Relu + tanh
-0.072	1.2014	0.002	0.0035	0.0034	0.0043	0.002	Relu + tanh
-0.072	1.2014	0.002	0.0035	0.0035	0.0043	0.002	Relu + tanh
-0.072	1.2014	0.002	0.0035	0.0035	0.0043	0.002	Relu + tanh
-0.072	1.2014	0.002	0.0035	0.0035	0.0043	0.002	Relu + tanh
-0.072	1.2014	0.002	0.0035	0.0035	0.0043	0.002	Relu + tanh
-0.072	1.2014	0.002	0.0036	0.0035	0.0043	0.002	Relu + tanh
-0.072	1.2014	0.002	0.0036	0.0035	0.0043	0.002	Relu + tanh
-0.0712	1.2014	0.002	0.0036	0.0035	0.0043	0.002	Relu + tanh
-0.0712	1.2014	0.002	0.0036	0.0035	0.0043	0.002	Relu + tanh
-0.0712	1.2014	0.0021	0.0036	0.0035	0.0043	0.0021	Relu + tanh
-0.0712	1.2014	0.0021	0.0036	0.0035	0.0043	0.0021	Relu + tanh
-0.0712	1.2014	0.0021	0.0036	0.0035	0.0043	0.0021	Relu + tanh
-0.0712	1.2014	0.0021	0.0036	0.0035	0.0043	0.0021	Relu + tanh
-0.0712	1.2014	0.0021	0.0036	0.0035	0.0043	0.0021	Relu + tanh
-0.0712	1.2014	0.0021	0.0036	0.0035	0.0043	0.0021	Relu + tanh
-0.0704	1.2014	0.0021	0.0036	0.0035	0.0043	0.0021	Relu + tanh
-0.0704	1.2014	0.0021	0.0036	0.0035	0.0043	0.0021	Relu + tanh
-0.0704	1.2014	0.0021	0.0036	0.0035	0.0043	0.0021	Relu + tanh
-0.0704	1.2014	0.0021	0.0036	0.0035	0.0043	0.0021	Relu + tanh
-0.0704	1.2014	0.0021	0.0036	0.0035	0.0043	0.0021	Relu + tanh
-0.0696	1.2014	0.0021	0.0036	0.0035	0.0044	0.0021	Relu + tanh
-0.0696	1.2014	0.0022	0.0036	0.0035	0.0044	0.0022	Relu + tanh
-0.0696	1.2014	0.0022	0.0036	0.0035	0.0044	0.0022	Relu + tanh
-0.0696	1.2014	0.0022	0.0036	0.0035	0.0044	0.0022	Relu + tanh
-0.0696	1.2014	0.0022	0.0036	0.0035	0.0044	0.0022	Relu + tanh
-0.0696	1.2014	0.0022	0.0037	0.0035	0.0044	0.0022	Relu + tanh
-0.0696	1.2014	0.0022	0.0037	0.0035	0.0044	0.0022	Relu + tanh
-0.0696	1.2014	0.0022	0.0037	0.0035	0.0044	0.0022	Relu + tanh
-0.0688	1.2014	0.0022	0.0037	0.0035	0.0044	0.0022	Relu + tanh
-0.0688	1.2014	0.0022	0.0037	0.0035	0.0044	0.0022	Relu + tanh
-0.0688	1.2014	0.0022	0.0037	0.0035	0.0044	0.0022	Relu + tanh
-0.0688	1.2014	0.0022	0.0037	0.0035	0.0044	0.0022	Relu + tanh
-0.068	1.2014	0.0022	0.0037	0.0036	0.0044	0.0022	Relu + tanh
-0.068	1.2014	0.0022	0.0037	0.0036	0.0044	0.0022	Relu + tanh
-0.068	1.2014	0.0022	0.0037	0.0036	0.0045	0.0022	Relu + tanh
-0.068	1.2014	0.0022	0.0037	0.0036	0.0045	0.0022	Relu + tanh
-0.068	1.2014	0.0022	0.0037	0.0036	0.0045	0.0022	Relu + tanh
-0.068	1.2014	0.0022	0.0037	0.0036	0.0045	0.0022	Relu + tanh
-0.068	1.2014	0.0022	0.0037	0.0036	0.0045	0.0022	Relu + tanh
-0.0672	1.2014	0.0023	0.0037	0.0036	0.0045	0.0023	Relu + tanh
-0.0672	1.2014	0.0023	0.0037	0.0036	0.0045	0.0023	Relu + tanh
-0.0672	1.2014	0.0023	0.0037	0.0036	0.0045	0.0023	Relu + tanh
-0.0672	1.2014	0.0023	0.0037	0.0036	0.0045	0.0023	Relu + tanh
-0.0672	1.2014	0.0023	0.0037	0.0036	0.0045	0.0023	Relu + tanh
-0.0672	1.2014	0.0023	0.0037	0.0036	0.0045	0.0023	Relu + tanh
-0.0672	1.2014	0.0023	0.0037	0.0036	0.0045	0.0023	Relu + tanh
-0.0664	1.2014	0.0023	0.0037	0.0036	0.0045	0.0023	Relu + tanh
-0.0664	1.2014	0.0023	0.0037	0.0036	0.0045	0.0023	Relu + tanh
-0.0664	1.2014	0.0023	0.0038	0.0036	0.0045	0.0023	Relu + tanh
-0.0664	1.2014	0.0023	0.0038	0.0036	0.0045	0.0023	Relu + tanh
-0.0664	1.2014	0.0023	0.0038	0.0036	0.0045	0.0023	Relu + tanh
-0.0656	1.2014	0.0023	0.0038	0.0036	0.0045	0.0023	Relu + tanh
-0.0656	1.2014	0.0023	0.0038	0.0036	0.0045	0.0023	Relu + tanh
-0.0648	1.2014	0.0024	0.0038	0.0036	0.0046	0.0024	Relu + tanh
-0.0648	1.2014	0.0024	0.0038	0.0036	0.0046	0.0024	Relu + tanh
-0.0648	1.2014	0.0024	0.0038	0.0036	0.0046	0.0024	Relu + tanh
-0.064	1.2014	0.0024	0.0038	0.0036	0.0046	0.0024	Relu + tanh
-0.064	1.2014	0.0024	0.0038	0.0036	0.0046	0.0024	Relu + tanh
-0.064	1.2014	0.0024	0.0038	0.0036	0.0046	0.0024	Relu + tanh
-0.064	1.2014	0.0024	0.0038	0.0036	0.0046	0.0024	Relu + tanh
-0.064	1.2014	0.0024	0.0038	0.0036	0.0046	0.0024	Relu + tanh
-0.064	1.2014	0.0024	0.0038	0.0036	0.0046	0.0024	Relu + tanh
-0.064	1.2014	0.0024	0.0038	0.0036	0.0046	0.0024	Relu + tanh
-0.064	1.2014	0.0024	0.0038	0.0036	0.0046	0.0024	Relu + tanh
-0.0632	1.2014	0.0024	0.0038	0.0036	0.0046	0.0024	Relu + tanh
-0.0632	1.2014	0.0024	0.0038	0.0037	0.0046	0.0024	Relu + tanh
-0.0632	1.2014	0.0024	0.0038	0.0037	0.0046	0.0024	Relu + tanh
-0.0632	1.2014	0.0024	0.0038	0.0037	0.0047	0.0024	Relu + tanh
-0.0632	1.2014	0.0025	0.0042	0.0037	0.0047	0.0025	Relu + tanh
-0.0632	1.2014	0.0025	0.0087	0.0037	0.0047	0.0025	Relu + tanh
-0.0632	1.2014	0.0025	0.0088	0.0037	0.0047	0.0025	Relu + tanh
-0.0624	1.2014	0.0025	0.0098	0.0037	0.0047	0.0025	Relu + tanh
-0.0624	1.2292	0.0025	0.0098	0.0037	0.0047	0.0025	Relu + tanh
-0.0624	1.2292	0.0025	0.0098	0.0037	0.0047	0.0025	Relu + tanh
-0.0624	1.2292	0.0025	0.0098	0.0038	0.0047	0.0025	Relu + tanh
-0.0624	1.2292	0.0025	0.0098	0.0038	0.0047	0.0025	Relu + tanh
-0.0624	1.2292	0.0025	0.0098	0.0038	0.0047	0.0025	Relu + tanh
-0.0616	1.2292	0.0025	0.0098	0.0038	0.0047	0.0025	Relu + tanh
-0.0616	1.2292	0.0025	0.0098	0.0038	0.0047	0.0025	Relu + tanh
-0.0616	1.2292	0.0025	0.0098	0.0038	0.0047	0.0025	Relu + tanh
-0.0616	1.2292	0.0026	0.0098	0.0038	0.0047	0.0026	Relu + tanh
-0.0616	1.2292	0.0026	0.0098	0.0038	0.0047	0.0026	Relu + tanh
-0.0616	1.2292	0.0026	0.0098	0.0038	0.0047	0.0026	Relu + tanh
-0.0616	1.2292	0.0026	0.0098	0.0038	0.0048	0.0026	Relu + tanh
-0.0608	1.2292	0.0026	0.0098	0.0038	0.0048	0.0026	Relu + tanh
-0.0608	1.2292	0.0026	0.0098	0.0039	0.0048	0.0026	Relu + tanh
-0.0608	1.2292	0.0026	0.0098	0.0039	0.0048	0.0026	Relu + tanh
-0.0608	1.2292	0.0026	0.0098	0.0039	0.0048	0.0026	Relu + tanh
-0.0608	1.2292	0.0026	0.0098	0.0039	0.0048	0.0026	Relu + tanh
-0.0608	1.2292	0.0026	0.0098	0.0039	0.0048	0.0026	Relu + tanh
-0.0608	1.2292	0.0026	0.0098	0.0039	0.0048	0.0026	Relu + tanh
-0.06	1.2292	0.0026	0.0098	0.0039	0.0048	0.0026	Relu + tanh
-0.06	1.2292	0.0027	0.0098	0.0039	0.0048	0.0027	Relu + tanh
-0.0592	1.2292	0.0027	0.0098	0.0039	0.0049	0.0027	Relu + tanh
-0.0592	1.2292	0.0027	0.0098	0.0039	0.0049	0.0027	Relu + tanh
-0.0576	1.2292	0.0027	0.0098	0.0039	0.0049	0.0027	Relu + tanh
-0.0576	1.2292	0.0027	0.0098	0.0039	0.0049	0.0027	Relu + tanh
-0.0576	1.2292	0.0027	0.0098	0.004	0.0049	0.0027	Relu + tanh
-0.0576	1.2292	0.0027	0.0098	0.004	0.0049	0.0027	Relu + tanh
-0.0568	1.2292	0.0027	0.0098	0.004	0.0049	0.0027	Relu + tanh
-0.056	1.2292	0.0027	0.0098	0.004	0.0049	0.0027	Relu + tanh
-0.056	1.2292	0.0028	0.0098	0.004	0.0049	0.0028	Relu + tanh
-0.056	1.2292	0.0028	0.0098	0.004	0.0049	0.0028	Relu + tanh
-0.056	1.2292	0.0028	0.0098	0.004	0.0049	0.0028	Relu + tanh
-0.056	1.2292	0.0028	0.0098	0.004	0.0049	0.0028	Relu + tanh
-0.056	1.2292	0.0028	0.0098	0.004	0.0049	0.0028	Relu + tanh
-0.056	1.2292	0.0028	0.0098	0.004	0.005	0.0028	Relu + tanh
-0.0552	1.2292	0.0028	0.0098	0.004	0.005	0.0028	Relu + tanh
-0.0552	1.2292	0.0029	0.0098	0.004	0.005	0.0029	Relu + tanh
-0.0552	1.2292	0.0029	0.0098	0.0041	0.005	0.0029	Relu + tanh
-0.0552	1.2292	0.0029	0.0098	0.0041	0.005	0.0029	Relu + tanh
-0.0552	1.2292	0.0029	0.0098	0.0041	0.005	0.0029	Relu + tanh
-0.0552	1.2292	0.0029	0.0098	0.0041	0.0051	0.0029	Relu + tanh
-0.0552	1.2292	0.0029	0.0098	0.0041	0.0051	0.0029	Relu + tanh
-0.0552	1.2292	0.0029	0.0098	0.0041	0.0051	0.0029	Relu + tanh
-0.0552	1.2292	0.0029	0.0099	0.0041	0.0051	0.0029	Relu + tanh
-0.0528	1.2292	0.0029	0.0099	0.0041	0.0051	0.0029	Relu + tanh
-0.0528	1.2292	0.0029	0.0099	0.0041	0.0051	0.0029	Relu + tanh
-0.0528	1.2292	0.0029	0.0099	0.0042	0.0051	0.0029	Relu + tanh
-0.0528	1.2292	0.0029	0.0099	0.0042	0.0052	0.0029	Relu + tanh
-0.0528	1.2292	0.003	0.0099	0.0042	0.0052	0.003	Relu + tanh
-0.0528	1.2292	0.003	0.0099	0.0042	0.0052	0.003	Relu + tanh
-0.0528	1.2292	0.003	0.0099	0.0042	0.0052	0.003	Relu + tanh
-0.052	1.2292	0.003	0.0099	0.0042	0.0052	0.003	Relu + tanh
-0.052	1.2292	0.003	0.0099	0.0042	0.0052	0.003	Relu + tanh
-0.052	1.2292	0.003	0.0099	0.0042	0.0052	0.003	Relu + tanh
-0.052	1.2292	0.003	0.0099	0.0042	0.0053	0.003	Relu + tanh
-0.052	1.2292	0.0031	0.0099	0.0042	0.0053	0.0031	Relu + tanh
-0.0512	1.2292	0.0031	0.0099	0.0042	0.0053	0.0031	Relu + tanh
-0.0504	1.2292	0.0031	0.0099	0.0043	0.0053	0.0031	Relu + tanh
-0.0504	1.2292	0.0031	0.0099	0.0043	0.0054	0.0031	Relu + tanh
-0.0504	1.2292	0.0031	0.01	0.0043	0.0054	0.0031	Relu + tanh
-0.0504	1.2292	0.0031	0.01	0.0043	0.0054	0.0031	Relu + tanh
-0.0488	1.2292	0.0031	0.01	0.0043	0.0055	0.0031	Relu + tanh
-0.0488	1.2292	0.0031	0.01	0.0043	0.0056	0.0031	Relu + tanh
-0.0488	1.2292	0.0031	0.01	0.0044	0.0056	0.0031	Relu + tanh
-0.048	1.2292	0.0031	0.01	0.0044	0.0057	0.0031	Relu + tanh
-0.048	1.2292	0.0032	0.01	0.0044	0.0057	0.0032	Relu + tanh
-0.048	1.2292	0.0032	0.01	0.0044	0.0057	0.0032	Relu + tanh
-0.048	1.2292	0.0032	0.01	0.0044	0.0057	0.0032	Relu + tanh
-0.048	1.2292	0.0032	0.01	0.0044	0.0059	0.0032	Relu + tanh
-0.048	1.2292	0.0032	0.01	0.0044	0.0059	0.0032	Relu + tanh
-0.044	1.2292	0.0033	0.01	0.0044	0.006	0.0033	Relu + tanh
-0.044	1.2292	0.0033	0.01	0.0045	0.0061	0.0033	Relu + tanh
-0.044	1.2292	0.0033	0.0101	0.0045	0.0061	0.0033	Relu + tanh
-0.044	1.2292	0.0033	0.0101	0.0045	0.0061	0.0033	Relu + tanh
-0.044	1.2292	0.0033	0.0101	0.0045	0.0061	0.0033	Relu + tanh
-0.044	1.2292	0.0034	0.0101	0.0045	0.0062	0.0034	Relu + tanh
-0.044	1.2292	0.0034	0.0101	0.0045	0.0064	0.0034	Relu + tanh
-0.04	1.2292	0.0034	0.0101	0.0045	0.0065	0.0034	Relu + tanh
-0.0384	1.2292	0.0035	0.0101	0.0045	0.0065	0.0035	Relu + tanh
-0.0344	1.2292	0.0036	0.0101	0.0046	0.0066	0.0036	Relu + tanh
-0.0344	1.2292	0.0036	0.0101	0.0046	0.0066	0.0036	Relu + tanh
-0.0344	1.2292	0.0037	0.0101	0.0046	0.0067	0.0037	Relu + tanh
-0.0344	1.2292	0.0038	0.0101	0.0046	0.0067	0.0038	Relu + tanh
-0.0344	1.2292	0.0038	0.0102	0.0046	0.0068	0.0038	Relu + tanh
-0.0344	1.2292	0.0039	0.0102	0.0046	0.0069	0.0039	Relu + tanh
-0.0344	1.2292	0.004	0.0102	0.0046	0.007	0.004	Relu + tanh
-0.0344	1.2292	0.0041	0.0102	0.0046	0.0071	0.0041	Relu + tanh
-0.0344	1.2292	0.0042	0.0102	0.0047	0.0074	0.0042	Relu + tanh
-0.0344	1.2292	0.0043	0.0102	0.0047	0.0075	0.0043	Relu + tanh
-0.0336	1.2292	0.0043	0.0102	0.0047	0.0075	0.0043	Relu + tanh
-0.0336	1.2292	0.0043	0.0102	0.0047	0.0075	0.0043	Relu + tanh
-0.0336	1.2292	0.0047	0.0102	0.0047	0.0076	0.0047	Relu + tanh
-0.0336	1.2292	0.0047	0.0102	0.0047	0.0076	0.0049	Tanh
-0.032	1.2292	0.0047	0.0102	0.0047	0.0078	0.0052	Tanh
-0.0304	1.2292	0.0048	0.0103	0.0048	0.008	0.0054	Tanh
-0.0304	1.2292	0.0049	0.0103	0.0049	0.008	0.0055	Tanh
-0.0304	1.2292	0.0049	0.0103	0.0049	0.0082	0.0055	Tanh
-0.0304	1.2292	0.0049	0.0103	0.0049	0.0083	0.0055	Tanh
-0.0304	1.2292	0.005	0.0103	0.005	0.0084	0.0056	Tanh
-0.0304	1.2292	0.0051	0.0103	0.0051	0.0084	0.0059	Tanh
-0.0304	1.2292	0.0055	0.0103	0.0055	0.0089	0.0064	Tanh
-0.0304	1.2292	0.0055	0.0103	0.0055	0.0089	0.0065	Tanh
-0.0304	1.2292	0.0056	0.0103	0.0056	0.0089	0.0067	Tanh
-0.0296	1.2292	0.006	0.0104	0.006	0.0089	0.0069	Tanh
-0.0296	1.2292	0.0063	0.0104	0.0063	0.0091	0.0074	Tanh
-0.0296	1.2292	0.0064	0.0104	0.0064	0.0091	0.0076	Tanh
-0.0296	1.2292	0.0067	0.0104	0.0067	0.0093	0.0079	Tanh
-0.0296	1.2292	0.0069	0.0104	0.0069	0.0094	0.0081	Tanh
-0.0296	1.2292	0.0069	0.0104	0.0069	0.0094	0.0084	Tanh
-0.0288	1.2292	0.0069	0.0104	0.0069	0.0095	0.0084	Tanh
-0.0288	1.2292	0.0073	0.0104	0.0073	0.0098	0.0085	Tanh
-0.0288	1.2292	0.0075	0.0105	0.0075	0.0098	0.0085	Tanh
-0.0288	1.2292	0.0076	0.0105	0.0076	0.0098	0.0086	Tanh
-0.0272	1.2292	0.0078	0.0105	0.0078	0.0102	0.0086	Tanh
-0.0272	1.2292	0.0081	0.0105	0.0081	0.0102	0.0086	Tanh
-0.0272	1.2292	0.0082	0.0105	0.0082	0.0103	0.0086	Tanh
-0.0272	1.2292	0.0087	0.0105	0.0122	0.0104	0.0087	Relu + tanh
-0.0248	1.2292	0.0087	0.0105	0.014	0.0106	0.0087	Relu + tanh
-0.0248	1.2292	0.0087	0.0105	0.0177	0.0107	0.0087	Relu + tanh
-0.0248	1.2292	0.0087	0.0327	0.0192	0.0108	0.0087	Relu + tanh
-0.0248	1.2577	0.0088	0.0327	0.0205	0.0112	0.0088	Relu + tanh
-0.0176	1.2577	0.0088	0.0327	0.0205	0.0113	0.0088	Relu + tanh
-0.0176	1.2577	0.0088	0.0328	0.0206	0.0114	0.0088	Relu + tanh
-0.0176	1.2577	0.0088	0.0328	0.0206	0.0116	0.0088	Relu + tanh
-0.0176	1.2577	0.0088	0.0328	0.0206	0.0116	0.0088	Relu + tanh
-0.0176	1.2577	0.0088	0.0328	0.0207	0.0117	0.0088	Relu + tanh
-0.0176	1.2577	0.0088	0.0328	0.0207	0.0121	0.0088	Relu + tanh
-0.0176	1.2577	0.0088	0.0329	0.0207	0.0121	0.0088	Relu + tanh
-0.0176	1.2577	0.0089	0.0329	0.0208	0.0122	0.0089	Relu + tanh
-0.0176	1.2577	0.0089	0.0329	0.0208	0.0122	0.0089	Relu + tanh
-0.0176	1.2577	0.0089	0.0329	0.0208	0.0122	0.0089	Relu + tanh
-0.0168	1.2577	0.0089	0.0329	0.0208	0.0123	0.0089	Relu + tanh
-0.0168	1.2577	0.0089	0.033	0.0209	0.0123	0.0089	Relu + tanh
-0.0168	1.2577	0.0089	0.033	0.0209	0.0124	0.0089	Relu + tanh
-0.0168	1.2577	0.0089	0.033	0.0209	0.0124	0.0089	Relu + tanh
-0.0168	1.2577	0.0089	0.033	0.021	0.0125	0.0089	Relu + tanh
-0.0088	1.2577	0.0089	0.0331	0.021	0.0125	0.0089	Relu + tanh
-0.0088	1.2577	0.0089	0.0331	0.021	0.0125	0.0089	Relu + tanh
-0.0088	1.2577	0.0089	0.0331	0.0211	0.0126	0.0089	Relu + tanh
-0.0088	1.2577	0.0089	0.0331	0.0211	0.0126	0.0089	Relu + tanh
-0.0088	1.2577	0.0089	0.0331	0.0212	0.0127	0.0089	Relu + tanh
-0.0088	1.2577	0.0089	0.0331	0.0212	0.0127	0.0089	Relu + tanh
-0.0088	1.2577	0.0089	0.0331	0.0212	0.0127	0.0089	Relu + tanh
-0.0088	1.2577	0.0089	0.0332	0.0213	0.0128	0.0089	Relu + tanh
-0.0088	1.2577	0.0089	0.0332	0.0213	0.0128	0.0089	Relu + tanh
-0.0088	1.2577	0.009	0.0332	0.0213	0.0129	0.009	Relu + tanh
-0.0048	1.2577	0.009	0.0332	0.0214	0.0129	0.009	Relu + tanh
-0.0048	1.2577	0.0091	0.0332	0.0214	0.013	0.0091	Relu + tanh
-0.0048	1.2577	0.0091	0.0332	0.0214	0.013	0.0091	Relu + tanh
-0.0048	1.2577	0.0092	0.0333	0.0214	0.013	0.0092	Relu + tanh
-0.0048	1.2577	0.0092	0.0333	0.0215	0.0131	0.0092	Relu + tanh
-0.0048	1.2577	0.0093	0.0333	0.0215	0.0132	0.0093	Relu + tanh
-0.0048	1.2577	0.0093	0.0333	0.0216	0.0133	0.0093	Relu + tanh
-0.0048	1.2577	0.0095	0.0333	0.0216	0.0134	0.0095	Relu + tanh
-0.0048	1.2577	0.0096	0.0334	0.0216	0.0134	0.0096	Relu + tanh
-0.0048	1.2577	0.0097	0.0334	0.0217	0.0134	0.0097	Relu + tanh
-0.0024	1.2577	0.0098	0.0334	0.0217	0.0135	0.0098	Relu + tanh
-0.0024	1.2577	0.0099	0.0334	0.0217	0.0136	0.0099	Relu + tanh
-0.0024	1.2577	0.01	0.0334	0.0217	0.0138	0.01	Relu + tanh
-0.0024	1.2577	0.0102	0.0334	0.0218	0.0138	0.0102	Relu + tanh
-0.0024	1.2577	0.0103	0.0334	0.0218	0.0139	0.0103	Relu + tanh
-0.0024	1.2577	0.0104	0.0335	0.0218	0.0139	0.0104	Relu + tanh
-0.0024	1.2577	0.0105	0.0335	0.0219	0.0139	0.0105	Relu + tanh
-0.0024	1.2577	0.0107	0.0335	0.0219	0.014	0.0107	Relu + tanh
-0.0024	1.2577	0.0108	0.0335	0.0219	0.0141	0.0108	Relu + tanh
-0.0008	1.2577	0.0109	0.0335	0.0219	0.0141	0.0109	Relu + tanh
-0.0008	1.2577	0.011	0.0335	0.0219	0.0143	0.011	Relu + tanh
-0.0008	1.2577	0.011	0.0336	0.022	0.0144	0.011	Relu + tanh
-0.0008	1.2577	0.0112	0.0336	0.022	0.0144	0.0112	Relu + tanh
-0.0008	1.2577	0.0113	0.0336	0.022	0.0145	0.0113	Relu + tanh
-0.0008	1.2577	0.0114	0.0336	0.022	0.0146	0.0114	Relu + tanh
-0.0008	1.2577	0.0116	0.0336	0.022	0.0147	0.0116	Relu + tanh
-0.0008	1.2577	0.0117	0.0337	0.0221	0.0148	0.0117	Relu + tanh
-0.0008	1.2577	0.0121	0.0337	0.0221	0.0148	0.0121	Relu + tanh
-0.0008	1.2577	0.0122	0.0337	0.0221	0.0149	0.0122	Relu + tanh
-0.0	1.2577	0.0123	0.0338	0.0221	0.0151	0.0123	Relu + tanh
-0.0	1.2577	0.0124	0.0338	0.0221	0.0153	0.0124	Relu + tanh
-0.0	1.2577	0.0125	0.0338	0.0221	0.0153	0.0125	Relu + tanh
-0.0	1.2577	0.0126	0.0338	0.0221	0.0153	0.0126	Relu + tanh
-0.0	1.2577	0.0127	0.0338	0.0221	0.0154	0.0127	Relu + tanh
-0.0	1.2577	0.0128	0.0339	0.0222	0.0158	0.0128	Relu + tanh
-0.0	1.2577	0.0129	0.0339	0.0222	0.0162	0.0129	Relu + tanh
-0.0	1.2577	0.0129	0.0339	0.0222	0.0167	0.0129	Relu + tanh
-0.0	1.2577	0.0129	0.0339	0.0222	0.0172	0.0129	Relu + tanh
-0.0	1.2577	0.013	0.0339	0.0222	0.0176	0.013	Relu + tanh
-0.0	1.2577	0.0131	0.0339	0.0222	0.0181	0.0131	Relu + tanh
-0.0	1.2577	0.0131	0.034	0.0222	0.0186	0.0131	Relu + tanh
0.0	1.2577	0.0132	0.034	0.0223	0.019	0.0132	Relu + tanh
0.0	1.2577	0.0135	0.034	0.0223	0.0209	0.0135	Relu + tanh
0.0	1.2577	0.0136	0.034	0.0223	0.0228	0.0136	Relu + tanh
0.0	1.2577	0.0137	0.0341	0.0223	0.0233	0.0137	Relu + tanh
0.0	1.2577	0.0138	0.0341	0.0223	0.0238	0.0138	Relu + tanh
0.0	1.2577	0.0138	0.0341	0.0223	0.0257	0.0138	Relu + tanh
0.0	1.2577	0.0139	0.0341	0.0223	0.0276	0.0139	Relu + tanh
0.0	1.2577	0.0139	0.0342	0.0223	0.0281	0.0139	Relu + tanh
0.0	1.2577	0.0139	0.0342	0.0223	0.0286	0.0139	Relu + tanh
0.0	1.2577	0.014	0.0342	0.0223	0.0295	0.014	Relu + tanh
0.0	1.2577	0.0141	0.0342	0.0223	0.0305	0.0141	Relu + tanh
0.0	1.2577	0.0142	0.0342	0.0223	0.0325	0.0142	Relu + tanh
0.0	1.2577	0.0142	0.0343	0.0223	0.0335	0.0142	Relu + tanh
0.0	1.2577	0.0143	0.0343	0.0223	0.0339	0.0143	Relu + tanh
0.0	1.2577	0.0144	0.0343	0.0223	0.0349	0.0144	Relu + tanh
0.0	1.2577	0.0144	0.0343	0.0223	0.0394	0.0144	Relu + tanh
0.0	1.2577	0.0157	0.0344	0.0224	0.0432	0.0157	Relu + tanh
0.0	1.2577	0.0175	0.035	0.0233	0.0443	0.0175	Relu + tanh
